Timestamp WorkflowId PeakValueRss1 PeakValueRss2 PeakValueRss3 PeakValueRss4 PeakValueRss5 PeakValueRss6 PeakValueRss7 PeakValueRss8 PeakValueRss9 PeakValueVsize1 PeakValueVsize2 PeakValueVsize3 PeakValueVsize4 PeakValueVsize5 PeakValueVsize6 PeakValueVsize7 PeakValueVsize8 PeakValueVsize9 TotalJobCPU1 TotalJobCPU2 TotalJobCPU3 TotalJobCPU4 TotalJobCPU5 TotalJobCPU6 TotalJobCPU7 TotalJobCPU8 TotalJobCPU9 TotalJobTime1 TotalJobTime2 TotalJobTime3 TotalJobTime4 TotalJobTime5 TotalJobTime6 TotalJobTime7 TotalJobTime8 TotalJobTime9
1706738400.0 1.0 162 171 250 NA NA NA NA NA NA 287 251 389 NA NA NA NA NA NA 1141 300 868 NA NA NA NA NA NA 717 402 1033 NA NA NA NA NA NA
1706738400.0 10.0 NA 213 379 0 NA NA NA NA NA NA 313 544 0 NA NA NA NA NA NA 1250 2770 403 NA NA NA NA NA NA 535 2135 487 NA NA NA NA NA
1706738400.0 1000.0 NA 337 242 0 113 NA NA NA NA NA 514 341 0 176 NA NA NA NA NA 2294 747 295 239 NA NA NA NA NA 2060 1189 482 313 NA NA NA NA
1706738400.0 10001.0 NA 295 471 0 153 174 NA NA NA NA 386 669 0 226 267 NA NA NA NA 1487 1512 396 327 491 NA NA NA NA 606 1847 604 553 613 NA NA NA
1706738400.0 10002.0 NA 292 474 0 153 173 NA NA NA NA 383 657 0 221 257 NA NA NA NA 1441 1459 377 315 489 NA NA NA NA 905 1871 525 931 871 NA NA NA
1706738400.0 10003.0 NA 296 476 0 154 145 NA NA NA NA 392 668 0 225 262 NA NA NA NA 1436 1487 370 320 501 NA NA NA NA 623 2045 454 880 1207 NA NA NA
1706738400.0 10004.0 NA 294 470 0 155 172 NA NA NA NA 389 653 0 232 261 NA NA NA NA 1528 1485 401 324 497 NA NA NA NA 721 1599 666 678 703 NA NA NA
1706738400.0 10005.0 NA 293 476 0 154 172 NA NA NA NA 391 680 0 224 263 NA NA NA NA 1437 1435 375 309 494 NA NA NA NA 754 1728 606 944 1039 NA NA NA
1706738400.0 10006.0 NA 296 470 0 152 169 NA NA NA NA 395 668 0 221 257 NA NA NA NA 1447 1419 367 310 439 NA NA NA NA 956 1828 447 699 515 NA NA NA
1706738400.0 10007.0 NA 299 474 0 183 174 NA NA NA NA 392 661 0 291 258 NA NA NA NA 1450 1459 372 321 468 NA NA NA NA 1190 1885 402 785 679 NA NA NA
1706738400.0 10008.0 NA 296 475 0 184 173 NA NA NA NA 385 678 0 292 255 NA NA NA NA 1518 1569 403 325 498 NA NA NA NA 1106 2761 782 481 551 NA NA NA
1706738400.0 10009.0 NA 297 445 0 183 175 NA NA NA NA 396 664 0 291 267 NA NA NA NA 1454 1511 388 315 478 NA NA NA NA 814 2079 615 808 599 NA NA NA
1706738400.0 1001.0 NA 325 192 0 0 0 0 0 0 NA 466 270 0 0 0 0 0 0 NA 1877 371 81 63 87 201 115 196 NA 1680 741 178 208 142 282 221 223
1706738400.0 1001.2 NA 496 238 0 0 0 0 0 NA NA 773 372 0 0 0 0 0 NA NA 9112 737 96 107 116 133 127 NA NA 4307 644 139 210 174 289 152 NA
1706738400.0 1001.3 NA 520 237 0 NA NA NA NA NA NA 753 368 0 NA NA NA NA NA NA 7149 710 247 NA NA NA NA NA NA 2602 507 325 NA NA NA NA NA
1706738400.0 1002.0 NA 366 138 NA NA NA NA NA NA NA 514 185 NA NA NA NA NA NA NA 2390 196 NA NA NA NA NA NA NA 2307 184 NA NA NA NA NA NA
1706738400.0 1002.3 NA 505 225 0 NA NA NA NA NA NA 709 354 0 NA NA NA NA NA NA 5430 664 261 NA NA NA NA NA NA 2410 943 391 NA NA NA NA NA
1706738400.0 1002.4 NA 519 0 NA NA NA NA NA NA NA 748 0 NA NA NA NA NA NA NA 8648 382 NA NA NA NA NA NA NA 3076 509 NA NA NA NA NA NA
1706738400.0 10023.0 NA 295 473 0 153 168 NA NA NA NA 398 663 0 220 255 NA NA NA NA 1506 1470 410 315 482 NA NA NA NA 1079 1797 610 537 806 NA NA NA
1706738400.0 10024.0 NA 307 492 0 185 177 NA NA NA NA 405 694 0 296 271 NA NA NA NA 1553 1632 438 343 544 NA NA NA NA 805 1452 535 701 1082 NA NA NA
1706738400.0 10024.1 NA 308 300 0 NA NA NA NA NA NA 410 431 0 NA NA NA NA NA NA 1470 623 405 NA NA NA NA NA NA 639 590 446 NA NA NA NA NA
1706738400.0 10024.2 NA 308 483 0 NA NA NA NA NA NA 400 663 0 NA NA NA NA NA NA 1492 1605 394 NA NA NA NA NA NA 658 1395 424 NA NA NA NA NA
1706738400.0 10024.3 NA 307 278 0 NA NA NA NA NA NA 402 395 0 NA NA NA NA NA NA 1474 624 335 NA NA NA NA NA NA 604 897 385 NA NA NA NA NA
1706738400.0 10024.4 NA 307 483 0 NA NA NA NA NA NA 404 698 0 NA NA NA NA NA NA 1470 1574 388 NA NA NA NA NA NA 671 1772 454 NA NA NA NA NA
1706738400.0 10025.0 NA 294 481 0 155 174 NA NA NA NA 399 675 0 228 260 NA NA NA NA 1454 1475 401 308 473 NA NA NA NA 930 1877 464 796 511 NA NA NA
1706738400.0 10026.0 NA 305 496 0 159 176 NA NA NA NA 395 658 0 235 271 NA NA NA NA 1484 1817 427 315 485 NA NA NA NA 725 1790 518 690 580 NA NA NA
1706738400.0 1003.0 NA 337 0 NA NA NA NA NA NA NA 659 0 NA NA NA NA NA NA NA 2351 248 NA NA NA NA NA NA NA 1754 314 NA NA NA NA NA NA
1706738400.0 1004.0 NA 267 155 0 0 0 0 NA NA NA 407 225 0 0 0 0 NA NA NA 789 218 59 82 208 208 NA NA NA 909 334 128 148 458 230 NA NA
1706738400.0 10042.0 NA 301 479 0 186 173 NA NA NA NA 397 659 0 286 269 NA NA NA NA 1518 1641 429 339 500 NA NA NA NA 680 2472 545 617 787 NA NA NA
1706738400.0 1005.0 NA 214 154 0 0 NA NA NA NA NA 381 261 0 0 NA NA NA NA NA 453 220 82 98 NA NA NA NA NA 492 377 140 216 NA NA NA NA
1706738400.0 10059.0 NA 308 494 0 157 176 NA NA NA NA 404 668 0 229 259 NA NA NA NA 1499 2155 430 308 492 NA NA NA NA 996 2035 644 681 530 NA NA NA
1706738400.0 10071.0 NA 303 487 0 156 175 NA NA NA NA 384 695 0 230 260 NA NA NA NA 1462 1628 421 320 502 NA NA NA NA 1122 2379 527 1089 846 NA NA NA
1706738400.0 101.0 165 NA NA NA NA NA NA NA NA 303 NA NA NA NA NA NA NA NA 643 NA NA NA NA NA NA NA NA 582 NA NA NA NA NA NA NA NA
1706738400.0 1010.0 NA 90 108 0 NA NA NA NA NA NA 161 169 0 NA NA NA NA NA NA 119 150 147 NA NA NA NA NA NA 199 194 187 NA NA NA NA NA
1706738400.0 102.0 171 NA NA NA NA NA NA NA NA 296 NA NA NA NA NA NA NA NA 589 NA NA NA NA NA NA NA NA 575 NA NA NA NA NA NA NA NA
1706738400.0 1020.0 NA 96 86 0 95 NA NA NA NA NA 177 161 0 176 NA NA NA NA NA 147 106 54 146 NA NA NA NA NA 227 149 87 197 NA NA NA NA
1706738400.0 10224.0 NA 498 733 0 178 NA NA NA NA NA 666 1014 0 265 NA NA NA NA NA 2754 3050 444 503 NA NA NA NA NA 1201 2482 548 672 NA NA NA NA
1706738400.0 10224.15 NA 488 736 0 194 NA NA NA NA NA 625 1007 0 286 NA NA NA NA NA 2805 3024 443 596 NA NA NA NA NA 1367 2285 632 801 NA NA NA NA
1706738400.0 10225.0 NA 482 711 0 175 NA NA NA NA NA 627 1014 0 262 NA NA NA NA NA 2739 2660 435 486 NA NA NA NA NA 1491 2454 612 641 NA NA NA NA
1706738400.0 103.0 130 0 0 NA NA NA NA NA NA 213 0 0 NA NA NA NA NA NA 463 112 1153 NA NA NA NA NA NA 690 191 1695 NA NA NA NA NA NA
1706738400.0 1030.0 NA 267 102 0 0 NA NA NA NA NA 448 174 0 0 NA NA NA NA NA 4583 158 59 55 NA NA NA NA NA 1644 221 134 72 NA NA NA NA
1706738400.0 1040.0 NA 487 86 0 NA NA NA NA NA NA 696 148 0 NA NA NA NA NA NA 8078 126 100 NA NA NA NA NA NA 3097 195 145 NA NA NA NA NA
1706738400.0 1040.1 NA 123 87 0 NA NA NA NA NA NA 202 149 0 NA NA NA NA NA NA 348 122 101 NA NA NA NA NA NA 600 161 187 NA NA NA NA NA
1706738400.0 1041.0 NA 126 92 0 NA NA NA NA NA NA 200 154 0 NA NA NA NA NA NA 213 124 66 NA NA NA NA NA NA 264 151 87 NA NA NA NA NA
1706738400.0 1042.0 NA 127 90 0 NA NA NA NA NA NA 203 151 0 NA NA NA NA NA NA 346 134 65 NA NA NA NA NA NA 462 167 107 NA NA NA NA NA
1706738400.0 10424.0 NA 261 476 0 NA NA NA NA NA NA 349 653 0 NA NA NA NA NA NA 376 1669 430 NA NA NA NA NA NA 764 2131 497 NA NA NA NA NA
1706738400.0 1043.0 NA 113 93 0 NA NA NA NA NA NA 191 160 0 NA NA NA NA NA NA 246 132 59 NA NA NA NA NA NA 277 163 105 NA NA NA NA NA
1706738400.0 1044.0 NA 111 117 0 NA NA NA NA NA NA 186 187 0 NA NA NA NA NA NA 246 166 70 NA NA NA NA NA NA 432 194 126 NA NA NA NA NA
1706738400.0 1045.0 NA 110 108 0 NA NA NA NA NA NA 183 175 0 NA NA NA NA NA NA 247 177 61 NA NA NA NA NA NA 379 321 93 NA NA NA NA NA
1706738400.0 105.0 154 171 86 NA NA NA NA NA NA 290 257 147 NA NA NA NA NA NA 1224 297 128 NA NA NA NA NA NA 1063 423 204 NA NA NA NA NA NA
1706738400.0 1052.0 NA 203 156 0 NA NA NA NA NA NA 360 264 0 NA NA NA NA NA NA 521 219 67 NA NA NA NA NA NA 910 309 144 NA NA NA NA NA
1706738400.0 1052.1 NA 150 0 NA NA NA NA NA NA NA 250 0 NA NA NA NA NA NA NA 184 63 NA NA NA NA NA NA NA 261 153 NA NA NA NA NA NA
1706738400.0 106.0 130 0 0 NA NA NA NA NA NA 210 0 0 NA NA NA NA NA NA 463 117 1155 NA NA NA NA NA NA 497 219 1613 NA NA NA NA NA NA
1706738400.0 1060.1 NA 153 NA NA NA NA NA NA NA NA 253 NA NA NA NA NA NA NA NA 545 NA NA NA NA NA NA NA NA 1002 NA NA NA NA NA NA NA
1706738400.0 1060.2 NA 170 NA NA NA NA NA NA NA NA 264 NA NA NA NA NA NA NA NA 450 NA NA NA NA NA NA NA NA 574 NA NA NA NA NA NA NA
1706738400.0 107.0 168 183 364 NA NA NA NA NA NA 283 259 501 NA NA NA NA NA NA 1405 306 1374 NA NA NA NA NA NA 959 486 1380 NA NA NA NA NA NA
1706738400.0 108.0 169 182 365 NA NA NA NA NA NA 285 254 497 NA NA NA NA NA NA 1710 304 1408 NA NA NA NA NA NA 848 257 1457 NA NA NA NA NA NA
1706738400.0 10801.0 NA 288 462 0 154 176 NA NA NA NA 378 649 0 224 266 NA NA NA NA 1493 1519 399 328 502 NA NA NA NA 982 2063 829 590 580 NA NA NA
1706738400.0 10802.0 NA 285 471 0 154 177 NA NA NA NA 386 669 0 226 266 NA NA NA NA 1410 1440 374 314 477 NA NA NA NA 772 1903 441 985 518 NA NA NA
1706738400.0 10803.0 NA 288 477 0 155 178 NA NA NA NA 379 677 0 225 264 NA NA NA NA 1490 1576 405 325 535 NA NA NA NA 882 2631 838 685 957 NA NA NA
1706738400.0 10804.0 NA 288 469 0 153 176 NA NA NA NA 386 676 0 218 259 NA NA NA NA 1405 1445 379 307 491 NA NA NA NA 818 1630 604 599 978 NA NA NA
1706738400.0 10804.31 NA 285 471 0 154 177 NA NA NA NA 389 668 0 228 269 NA NA NA NA 1460 1556 402 319 516 NA NA NA NA 716 3094 682 638 755 NA NA NA
1706738400.0 10805.0 NA 286 460 0 154 174 NA NA NA NA 382 654 0 226 264 NA NA NA NA 1388 1448 362 293 479 NA NA NA NA 563 1804 385 347 519 NA NA NA
1706738400.0 10805.31 NA 250 471 0 153 176 NA NA NA NA 380 657 0 227 267 NA NA NA NA 1411 1499 381 312 477 NA NA NA NA 906 2898 635 654 554 NA NA NA
1706738400.0 10806.0 NA 287 466 0 154 173 NA NA NA NA 374 651 0 225 259 NA NA NA NA 1406 1441 380 310 464 NA NA NA NA 732 1743 521 463 612 NA NA NA
1706738400.0 10807.0 NA 288 472 0 182 176 NA NA NA NA 386 657 0 287 270 NA NA NA NA 1408 1482 390 313 476 NA NA NA NA 627 2058 639 454 659 NA NA NA
1706738400.0 10808.0 NA 288 472 0 182 176 NA NA NA NA 372 647 0 284 258 NA NA NA NA 1399 1482 391 318 479 NA NA NA NA 638 1920 551 790 600 NA NA NA
1706738400.0 10809.0 NA 290 473 0 183 178 NA NA NA NA 389 660 0 292 267 NA NA NA NA 1490 1557 409 340 498 NA NA NA NA 897 2100 768 687 533 NA NA NA
1706738400.0 10823.0 NA 289 470 0 153 172 NA NA NA NA 383 655 0 224 260 NA NA NA NA 1471 1485 413 318 524 NA NA NA NA 1089 1816 572 703 1055 NA NA NA
1706738400.0 10824.0 NA 297 488 0 186 180 NA NA NA NA 392 687 0 309 264 NA NA NA NA 1507 1687 439 337 535 NA NA NA NA 825 2048 581 742 794 NA NA NA
1706738400.0 10824.1 NA 297 300 0 NA NA NA NA NA NA 386 417 0 NA NA NA NA NA NA 1442 633 394 NA NA NA NA NA NA 625 628 441 NA NA NA NA NA
1706738400.0 10824.501 NA 299 167 0 NA NA NA NA NA NA 399 315 0 NA NA NA NA NA NA 1443 417 199 NA NA NA NA NA NA 639 507 282 NA NA NA NA NA
1706738400.0 10824.505 NA 298 169 0 NA NA NA NA NA NA 383 321 0 NA NA NA NA NA NA 1439 430 217 NA NA NA NA NA NA 566 550 282 NA NA NA NA NA
1706738400.0 10824.511 NA 299 133 0 NA NA NA NA NA NA 393 228 0 NA NA NA NA NA NA 1442 315 143 NA NA NA NA NA NA 671 462 178 NA NA NA NA NA
1706738400.0 10824.521 NA 298 129 0 NA NA NA NA NA NA 402 195 0 NA NA NA NA NA NA 1442 277 150 NA NA NA NA NA NA 597 306 215 NA NA NA NA NA
1706738400.0 10824.6 NA 297 490 0 158 180 NA NA NA NA 386 700 0 228 264 NA NA NA NA 1449 1618 426 314 495 NA NA NA NA 808 1918 618 969 555 NA NA NA
1706738400.0 10824.8 NA 298 488 0 184 180 NA NA NA NA 390 675 0 304 260 NA NA NA NA 1443 1622 429 326 507 NA NA NA NA 665 2130 627 853 650 NA NA NA
1706738400.0 10825.0 NA 290 480 0 155 177 NA NA NA NA 382 666 0 228 261 NA NA NA NA 1416 1478 406 308 498 NA NA NA NA 788 1606 437 455 745 NA NA NA
1706738400.0 10826.0 NA 299 491 0 157 180 NA NA NA NA 385 669 0 230 268 NA NA NA NA 1452 1761 434 306 506 NA NA NA NA 878 1970 590 728 753 NA NA NA
1706738400.0 10842.0 NA 288 481 0 185 177 NA NA NA NA 379 655 0 288 272 NA NA NA NA 1434 1522 415 321 486 NA NA NA NA 1313 1933 548 452 656 NA NA NA
1706738400.0 10842.501 NA 292 164 0 NA NA NA NA NA NA 391 311 0 NA NA NA NA NA NA 1424 400 193 NA NA NA NA NA NA 647 575 247 NA NA NA NA NA
1706738400.0 10842.505 NA 292 163 0 NA NA NA NA NA NA 381 311 0 NA NA NA NA NA NA 1413 414 193 NA NA NA NA NA NA 577 563 224 NA NA NA NA NA
1706738400.0 10859.0 NA 306 500 0 159 180 NA NA NA NA 392 683 0 229 277 NA NA NA NA 1465 2227 434 308 499 NA NA NA NA 849 1943 499 447 509 NA NA NA
1706738400.0 10871.0 NA 297 489 0 157 180 NA NA NA NA 403 667 0 225 269 NA NA NA NA 1442 1688 432 307 493 NA NA NA NA 791 2156 639 468 558 NA NA NA
1706738400.0 109.0 171 186 365 NA NA NA NA NA NA 282 268 494 NA NA NA NA NA NA 1930 334 1524 NA NA NA NA NA NA 1350 910 1997 NA NA NA NA NA NA
1706738400.0 11.0 NA 199 370 0 129 NA NA NA NA NA 291 518 0 188 NA NA NA NA NA 1053 1480 384 246 NA NA NA NA NA 600 1164 407 560 NA NA NA NA
1706738400.0 110.0 135 177 351 NA NA NA NA NA NA 212 248 489 NA NA NA NA NA NA 494 283 1322 NA NA NA NA NA NA 675 634 1713 NA NA NA NA NA NA
1706738400.0 1102.0 NA 214 395 269 222 NA NA NA NA NA 316 550 388 275 NA NA NA NA NA 1427 3531 1701 307 NA NA NA NA NA 1016 2667 874 315 NA NA NA NA
1706738400.0 11024.0 NA 567 807 0 181 NA NA NA NA NA 732 1131 0 269 NA NA NA NA NA 3610 4005 450 520 NA NA NA NA NA 1732 2826 622 715 NA NA NA NA
1706738400.0 11024.15 NA 546 852 0 197 NA NA NA NA NA 770 1119 0 287 NA NA NA NA NA 3548 3821 449 595 NA NA NA NA NA 1806 2445 516 643 NA NA NA NA
1706738400.0 11024.2 NA 540 798 0 175 NA NA NA NA NA 723 1106 0 265 NA NA NA NA NA 3554 3613 452 420 NA NA NA NA NA 1806 2651 670 732 NA NA NA NA
1706738400.0 11024.6 NA 542 806 0 180 NA NA NA NA NA 716 1137 0 272 NA NA NA NA NA 3548 3575 451 514 NA NA NA NA NA 1786 2723 715 770 NA NA NA NA
1706738400.0 11025.0 NA 535 809 0 180 NA NA NA NA NA 739 1090 0 268 NA NA NA NA NA 3489 3246 433 501 NA NA NA NA NA 1493 2518 541 699 NA NA NA NA
1706738400.0 111.0 151 181 361 NA NA NA NA NA NA 276 251 514 NA NA NA NA NA NA 934 260 1315 NA NA NA NA NA NA 910 724 1317 NA NA NA NA NA NA
1706738400.0 112.0 156 184 356 NA NA NA NA NA NA 277 263 495 NA NA NA NA NA NA 1186 304 1335 NA NA NA NA NA NA 1080 843 1391 NA NA NA NA NA NA
1706738400.0 11224.0 NA 263 480 0 NA NA NA NA NA NA 360 668 0 NA NA NA NA NA NA 383 1717 454 NA NA NA NA NA NA 747 2265 710 NA NA NA NA NA
1706738400.0 11224.6 NA 259 480 0 NA NA NA NA NA NA 350 653 0 NA NA NA NA NA NA 393 1713 459 NA NA NA NA NA NA 1042 2203 694 NA NA NA NA NA
1706738400.0 113.0 173 183 358 NA NA NA NA NA NA 285 258 501 NA NA NA NA NA NA 1259 305 1350 NA NA NA NA NA NA 978 403 1395 NA NA NA NA NA NA
1706738400.0 114.0 173 183 359 NA NA NA NA NA NA 284 256 501 NA NA NA NA NA NA 1425 328 1451 NA NA NA NA NA NA 852 761 1746 NA NA NA NA NA NA
1706738400.0 115.0 173 182 361 NA NA NA NA NA NA 296 261 500 NA NA NA NA NA NA 1514 312 1370 NA NA NA NA NA NA 928 427 1355 NA NA NA NA NA NA
1706738400.0 116.0 169 182 362 NA NA NA NA NA NA 282 255 491 NA NA NA NA NA NA 1521 311 1406 NA NA NA NA NA NA 740 266 1514 NA NA NA NA NA NA
1706738400.0 11601.0 NA 258 487 0 155 NA NA NA NA NA 351 695 0 224 NA NA NA NA NA 369 1601 388 290 NA NA NA NA NA 534 2020 454 335 NA NA NA NA
1706738400.0 11602.0 NA 260 490 0 155 NA NA NA NA NA 350 716 0 225 NA NA NA NA NA 338 1564 372 283 NA NA NA NA NA 352 2048 404 319 NA NA NA NA
1706738400.0 11603.0 NA 261 493 0 154 NA NA NA NA NA 360 691 0 228 NA NA NA NA NA 372 1682 397 281 NA NA NA NA NA 516 2924 493 312 NA NA NA NA
1706738400.0 11604.0 NA 257 486 0 155 NA NA NA NA NA 357 699 0 230 NA NA NA NA NA 363 1612 381 279 NA NA NA NA NA 318 2537 423 301 NA NA NA NA
1706738400.0 11605.0 NA 257 487 0 155 NA NA NA NA NA 359 701 0 226 NA NA NA NA NA 353 1610 390 290 NA NA NA NA NA 470 2071 483 369 NA NA NA NA
1706738400.0 11606.0 NA 258 485 0 157 NA NA NA NA NA 355 672 0 226 NA NA NA NA NA 362 1571 394 312 NA NA NA NA NA 654 2095 494 501 NA NA NA NA
1706738400.0 11607.0 NA 263 488 0 176 NA NA NA NA NA 358 707 0 261 NA NA NA NA NA 362 1621 403 322 NA NA NA NA NA 452 2628 532 750 NA NA NA NA
1706738400.0 11608.0 NA 260 492 0 178 NA NA NA NA NA 353 691 0 267 NA NA NA NA NA 354 1673 406 283 NA NA NA NA NA 285 2556 503 303 NA NA NA NA
1706738400.0 11609.0 NA 263 492 0 177 NA NA NA NA NA 342 695 0 270 NA NA NA NA NA 376 1676 404 318 NA NA NA NA NA 442 1914 487 551 NA NA NA NA
1706738400.0 11630.0 NA 278 524 0 158 NA NA NA NA NA 376 749 0 231 NA NA NA NA NA 439 2388 444 312 NA NA NA NA NA 299 2461 496 441 NA NA NA NA
1706738400.0 11634.0 NA 273 511 0 179 NA NA NA NA NA 363 714 0 262 NA NA NA NA NA 419 1874 439 321 NA NA NA NA NA 370 2455 495 868 NA NA NA NA
1706738400.0 11634.1 NA 263 288 0 NA NA NA NA NA NA 381 423 0 NA NA NA NA NA NA 414 651 409 NA NA NA NA NA NA 328 603 535 NA NA NA NA NA
1706738400.0 11634.15 NA 271 524 0 180 NA NA NA NA NA 365 730 0 270 NA NA NA NA NA 421 2020 444 292 NA NA NA NA NA 634 2770 516 319 NA NA NA NA
1706738400.0 11634.24 NA 208 450 0 148 NA NA NA NA NA 294 662 0 220 NA NA NA NA NA 238 1555 386 282 NA NA NA NA NA 636 2549 428 350 NA NA NA NA
1706738400.0 11634.601 NA 270 103 512 0 NA NA NA NA NA 362 163 750 0 NA NA NA NA NA 402 127 1883 461 NA NA NA NA NA 447 642 2181 703 NA NA NA NA
1706738400.0 11634.7 NA 274 510 0 NA NA NA NA NA NA 372 726 0 NA NA NA NA NA NA 422 1873 459 NA NA NA NA NA NA 527 2374 679 NA NA NA NA NA
1706738400.0 11634.91 NA 275 508 0 181 NA NA NA NA NA 374 705 0 271 NA NA NA NA NA 422 1851 435 298 NA NA NA NA NA 565 1924 493 342 NA NA NA NA
1706738400.0 11634.911 157 265 507 0 158 NA NA NA NA 233 357 698 0 239 NA NA NA NA 2304 1134 2324 849 450 NA NA NA NA 1415 798 2190 1042 464 NA NA NA NA
1706738400.0 11634.914 149 264 506 0 158 NA NA NA NA 228 352 738 0 232 NA NA NA NA 1885 399 1793 416 313 NA NA NA NA 1044 393 1922 448 449 NA NA NA NA
1706738400.0 11640.0 NA 262 488 0 156 NA NA NA NA NA 362 680 0 229 NA NA NA NA NA 356 1602 422 279 NA NA NA NA NA 283 2030 503 296 NA NA NA NA
1706738400.0 11643.0 NA 270 508 0 160 NA NA NA NA NA 362 726 0 231 NA NA NA NA NA 420 1925 439 310 NA NA NA NA NA 663 2719 496 448 NA NA NA NA
1706738400.0 11646.0 NA 266 500 0 154 NA NA NA NA NA 367 708 0 232 NA NA NA NA NA 384 1681 436 319 NA NA NA NA NA 532 1836 565 797 NA NA NA NA
1706738400.0 11650.0 NA 268 498 0 181 NA NA NA NA NA 368 702 0 266 NA NA NA NA NA 412 1722 442 295 NA NA NA NA NA 343 2171 686 345 NA NA NA NA
1706738400.0 11650.911 155 261 500 0 180 NA NA NA NA 231 342 707 0 275 NA NA NA NA 1685 1128 2240 849 764 NA NA NA NA 1137 734 2274 1021 921 NA NA NA NA
1706738400.0 11650.914 149 260 501 0 128 NA NA NA NA 226 343 698 0 269 NA NA NA NA 1264 399 1687 431 323 NA NA NA NA 1027 730 2097 673 507 NA NA NA NA
1706738400.0 117.0 166 184 364 NA NA NA NA NA NA 284 253 502 NA NA NA NA NA NA 1610 300 1432 NA NA NA NA NA NA 754 246 1334 NA NA NA NA NA NA
1706738400.0 11723.17 NA 281 521 0 NA NA NA NA NA NA 370 748 0 NA NA NA NA NA NA 424 2106 431 NA NA NA NA NA NA 413 2421 465 NA NA NA NA NA
1706738400.0 118.0 170 185 369 NA NA NA NA NA NA 282 262 524 NA NA NA NA NA NA 2027 316 1461 NA NA NA NA NA NA 930 386 1378 NA NA NA NA NA NA
1706738400.0 11834.0 NA 616 1003 0 NA NA NA NA NA NA 874 1297 0 NA NA NA NA NA NA 3170 5412 449 NA NA NA NA NA NA 1566 3201 498 NA NA NA NA NA
1706738400.0 11834.13 NA 622 1115 0 NA NA NA NA NA NA 871 1488 0 NA NA NA NA NA NA 3179 6465 450 NA NA NA NA NA NA 1804 3048 485 NA NA NA NA NA
1706738400.0 11834.19 NA 616 992 0 NA NA NA NA NA NA 825 1358 0 NA NA NA NA NA NA 3092 5649 451 NA NA NA NA NA NA 1482 3237 496 NA NA NA NA NA
1706738400.0 11834.21 NA 525 367 226 169 NA NA NA NA NA 712 500 303 248 NA NA NA NA NA 2967 2310 594 361 NA NA NA NA NA 1301 1006 500 350 NA NA NA NA
1706738400.0 11834.24 NA 215 465 0 NA NA NA NA NA NA 305 696 0 NA NA NA NA NA NA 232 1463 389 NA NA NA NA NA NA 309 1750 492 NA NA NA NA NA
1706738400.0 11834.99 NA 583 643 702 0 NA NA NA NA NA 832 935 962 0 NA NA NA NA NA 3631 1032 4705 457 NA NA NA NA NA 2279 555 2931 501 NA NA NA NA
1706738400.0 11846.0 NA 584 987 0 NA NA NA NA NA NA 827 1350 0 NA NA NA NA NA NA 3053 4615 442 NA NA NA NA NA NA 1440 2752 561 NA NA NA NA NA
1706738400.0 11846.19 NA 591 962 0 NA NA NA NA NA NA 815 1379 0 NA NA NA NA NA NA 3091 4846 435 NA NA NA NA NA NA 1582 3028 487 NA NA NA NA NA
1706738400.0 119.0 164 179 353 NA NA NA NA NA NA 279 253 497 NA NA NA NA NA NA 978 293 1347 NA NA NA NA NA NA 817 431 1701 NA NA NA NA NA NA
1706738400.0 12.0 NA 213 390 0 NA NA NA NA NA NA 304 534 0 NA NA NA NA NA NA 1219 2638 401 NA NA NA NA NA NA 543 1616 423 NA NA NA NA NA
1706738400.0 120.0 138 179 347 NA NA NA NA NA NA 235 255 479 NA NA NA NA NA NA 440 284 1302 NA NA NA NA NA NA 669 539 1789 NA NA NA NA NA NA
1706738400.0 12034.0 NA 273 510 0 NA NA NA NA NA NA 367 705 0 NA NA NA NA NA NA 376 1741 413 NA NA NA NA NA NA 371 2291 440 NA NA NA NA NA
1706738400.0 121.0 170 188 369 NA NA NA NA NA NA 288 264 515 NA NA NA NA NA NA 2120 313 1511 NA NA NA NA NA NA 1074 242 1489 NA NA NA NA NA NA
1706738400.0 122.0 138 170 345 NA NA NA NA NA NA 233 241 503 NA NA NA NA NA NA 520 209 1286 NA NA NA NA NA NA 600 382 1636 NA NA NA NA NA NA
1706738400.0 123.1 405 NA NA NA NA NA NA NA NA 541 NA NA NA NA NA NA NA NA 821 NA NA NA NA NA NA NA NA 1053 NA NA NA NA NA NA NA NA
1706738400.0 123.2 366 NA NA NA NA NA NA NA NA 515 NA NA NA NA NA NA NA NA 921 NA NA NA NA NA NA NA NA 1110 NA NA NA NA NA NA NA NA
1706738400.0 123.3 319 NA NA NA NA NA NA NA NA 434 NA NA NA NA NA NA NA NA 702 NA NA NA NA NA NA NA NA 752 NA NA NA NA NA NA NA NA
1706738400.0 124.1 346 NA NA NA NA NA NA NA NA 498 NA NA NA NA NA NA NA NA 731 NA NA NA NA NA NA NA NA 1140 NA NA NA NA NA NA NA NA
1706738400.0 124.2 356 NA NA NA NA NA NA NA NA 536 NA NA NA NA NA NA NA NA 793 NA NA NA NA NA NA NA NA 1129 NA NA NA NA NA NA NA NA
1706738400.0 124.4 347 NA NA NA NA NA NA NA NA 505 NA NA NA NA NA NA NA NA 732 NA NA NA NA NA NA NA NA 1143 NA NA NA NA NA NA NA NA
1706738400.0 124.5 358 NA NA NA NA NA NA NA NA 503 NA NA NA NA NA NA NA NA 712 NA NA NA NA NA NA NA NA 824 NA NA NA NA NA NA NA NA
1706738400.0 124.6 316 NA NA NA NA NA NA NA NA 433 NA NA NA NA NA NA NA NA 711 NA NA NA NA NA NA NA NA 955 NA NA NA NA NA NA NA NA
1706738400.0 12434.0 NA 464 629 0 200 NA NA NA NA NA 582 845 0 314 NA NA NA NA NA 2650 2494 556 344 NA NA NA NA NA 1600 2766 631 447 NA NA NA NA
1706738400.0 12434.501 NA 461 192 0 NA NA NA NA NA NA 596 340 0 NA NA NA NA NA NA 2623 526 198 NA NA NA NA NA NA 1179 641 222 NA NA NA NA NA
1706738400.0 12434.505 NA 460 192 0 NA NA NA NA NA NA 580 342 0 NA NA NA NA NA NA 2631 541 213 NA NA NA NA NA NA 1130 757 301 NA NA NA NA NA
1706738400.0 12434.511 NA 461 165 0 NA NA NA NA NA NA 598 258 0 NA NA NA NA NA NA 2640 435 147 NA NA NA NA NA NA 1167 469 223 NA NA NA NA NA
1706738400.0 12434.521 NA 458 164 0 NA NA NA NA NA NA 579 229 0 NA NA NA NA NA NA 2648 430 152 NA NA NA NA NA NA 1164 456 230 NA NA NA NA NA
1706738400.0 12434.7 NA 462 616 0 NA NA NA NA NA NA 607 833 0 NA NA NA NA NA NA 2660 2477 557 NA NA NA NA NA NA 1487 2704 742 NA NA NA NA NA
1706738400.0 12446.0 NA 453 616 0 164 NA NA NA NA NA 576 832 0 240 NA NA NA NA NA 2605 2371 545 334 NA NA NA NA NA 1254 2344 806 509 NA NA NA NA
1706738400.0 12450.501 NA 450 189 0 NA NA NA NA NA NA 580 330 0 NA NA NA NA NA NA 2598 507 192 NA NA NA NA NA NA 1143 555 220 NA NA NA NA NA
1706738400.0 12450.505 NA 451 190 0 NA NA NA NA NA NA 597 339 0 NA NA NA NA NA NA 2618 496 199 NA NA NA NA NA NA 1217 530 222 NA NA NA NA NA
1706738400.0 12461.0 NA 435 596 0 162 NA NA NA NA NA 567 785 0 232 NA NA NA NA NA 2720 2303 503 323 NA NA NA NA NA 1579 2958 604 333 NA NA NA NA
1706738400.0 125.0 169 185 362 NA NA NA NA NA NA 287 265 503 NA NA NA NA NA NA 1568 326 1438 NA NA NA NA NA NA 1253 831 1654 NA NA NA NA NA NA
1706738400.0 126.0 133 179 350 NA NA NA NA NA NA 239 256 510 NA NA NA NA NA NA 819 279 1308 NA NA NA NA NA NA 855 489 1387 NA NA NA NA NA NA
1706738400.0 12634.0 NA 775 1073 0 NA NA NA NA NA NA 1065 1596 0 NA NA NA NA NA NA 5405 6052 598 NA NA NA NA NA NA 2197 3804 684 NA NA NA NA NA
1706738400.0 12634.99 NA 557 805 821 0 NA NA NA NA NA 840 1209 1122 0 NA NA NA NA NA 3716 5271 6031 590 NA NA NA NA NA 2014 1781 3220 638 NA NA NA NA
1706738400.0 127.0 134 176 349 NA NA NA NA NA NA 225 252 500 NA NA NA NA NA NA 626 281 1299 NA NA NA NA NA NA 1221 549 1520 NA NA NA NA NA NA
1706738400.0 128.0 131 180 348 NA NA NA NA NA NA 212 257 499 NA NA NA NA NA NA 433 283 1313 NA NA NA NA NA NA 642 324 1918 NA NA NA NA NA NA
1706738400.0 12834.0 NA 465 633 0 199 NA NA NA NA NA 582 848 0 320 NA NA NA NA NA 1074 2579 555 355 NA NA NA NA NA 893 2845 668 377 NA NA NA NA
1706738400.0 129.0 133 179 347 NA NA NA NA NA NA 213 248 497 NA NA NA NA NA NA 436 284 1297 NA NA NA NA NA NA 967 457 1649 NA NA NA NA NA NA
1706738400.0 13.0 NA 192 368 0 NA NA NA NA NA NA 278 500 0 NA NA NA NA NA NA 282 1878 363 NA NA NA NA NA NA 636 2316 413 NA NA NA NA NA
1706738400.0 130.0 134 177 348 NA NA NA NA NA NA 215 248 493 NA NA NA NA NA NA 462 281 1313 NA NA NA NA NA NA 559 404 1745 NA NA NA NA NA NA
1706738400.0 1301.0 163 217 315 NA NA NA NA NA NA 257 302 462 NA NA NA NA NA NA 1159 300 892 NA NA NA NA NA NA 999 265 1089 NA NA NA NA NA NA
1706738400.0 1301.17 143 285 338 NA NA NA NA NA NA 224 373 480 NA NA NA NA NA NA 1251 1440 931 NA NA NA NA NA NA 814 604 1020 NA NA NA NA NA NA
1706738400.0 1302.0 173 223 320 NA NA NA NA NA NA 266 311 450 NA NA NA NA NA NA 1861 350 1071 NA NA NA NA NA NA 849 377 977 NA NA NA NA NA NA
1706738400.0 1302.17 150 295 349 NA NA NA NA NA NA 234 381 478 NA NA NA NA NA NA 1954 1484 1065 NA NA NA NA NA NA 823 603 1024 NA NA NA NA NA NA
1706738400.0 1302.18 145 287 298 214 174 NA NA NA NA 231 377 474 297 262 NA NA NA NA 1958 1448 651 584 407 NA NA NA NA 995 557 556 741 403 NA NA NA NA
1706738400.0 1302.181 146 289 298 220 174 NA NA NA NA 231 384 467 311 263 NA NA NA NA 2091 1459 650 587 404 NA NA NA NA 898 576 548 754 431 NA NA NA NA
1706738400.0 1303.0 161 224 327 NA NA NA NA NA NA 250 304 474 NA NA NA NA NA NA 3562 290 1256 NA NA NA NA NA NA 1744 259 1062 NA NA NA NA NA NA
1706738400.0 1303.17 156 295 351 NA NA NA NA NA NA 241 386 501 NA NA NA NA NA NA 3510 1408 1182 NA NA NA NA NA NA 1696 542 1055 NA NA NA NA NA NA
1706738400.0 13034.0 NA 764 1065 0 NA NA NA NA NA NA 1065 1534 0 NA NA NA NA NA NA 4005 9739 617 NA NA NA NA NA NA 1807 4479 651 NA NA NA NA NA
1706738400.0 13034.99 NA 603 814 846 0 NA NA NA NA NA 845 1242 1128 0 NA NA NA NA NA 3685 2072 8560 596 NA NA NA NA NA 1793 996 3920 661 NA NA NA NA
1706738400.0 1304.18 122 281 294 215 171 NA NA NA NA 227 366 465 294 257 NA NA NA NA 1697 1429 594 553 379 NA NA NA NA 878 550 868 536 378 NA NA NA NA
1706738400.0 1304.181 146 281 297 215 173 NA NA NA NA 228 365 473 298 260 NA NA NA NA 1706 1426 574 549 389 NA NA NA NA 801 559 530 541 409 NA NA NA NA
1706738400.0 1304.182 143 281 293 217 NA NA NA NA NA 228 368 465 303 NA NA NA NA NA 1712 1439 580 543 NA NA NA NA NA 982 591 519 535 NA NA NA NA NA
1706738400.0 1306.0 NA 222 396 0 NA NA NA NA NA NA 313 550 0 NA NA NA NA NA NA 304 1302 301 NA NA NA NA NA NA 557 1607 351 NA NA NA NA NA
1706738400.0 1307.0 NA 210 247 98 0 NA NA NA NA NA 303 376 168 0 NA NA NA NA NA 306 549 155 191 NA NA NA NA NA 425 1314 231 245 NA NA NA NA
1706738400.0 1308.0 NA 200 242 101 0 NA NA NA NA NA 303 366 167 0 NA NA NA NA NA 281 443 148 184 NA NA NA NA NA 295 1215 222 217 NA NA NA NA
1706738400.0 1309.0 NA 232 415 0 NA NA NA NA NA NA 327 564 0 NA NA NA NA NA NA 336 1494 344 NA NA NA NA NA NA 645 1837 511 NA NA NA NA NA
1706738400.0 131.0 134 179 351 NA NA NA NA NA NA 216 256 504 NA NA NA NA NA NA 676 285 1336 NA NA NA NA NA NA 931 371 1631 NA NA NA NA NA NA
1706738400.0 1310.0 NA 234 409 0 NA NA NA NA NA NA 319 553 0 NA NA NA NA NA NA 328 1466 342 NA NA NA NA NA NA 334 1922 602 NA NA NA NA NA
1706738400.0 1311.0 NA 226 422 0 129 NA NA NA NA NA 315 587 0 194 NA NA NA NA NA 332 1126 369 242 NA NA NA NA NA 744 1731 499 319 NA NA NA NA
1706738400.0 1312.0 NA 230 411 0 NA NA NA NA NA NA 323 563 0 NA NA NA NA NA NA 349 1573 343 NA NA NA NA NA NA 477 2188 371 NA NA NA NA NA
1706738400.0 1313.0 NA 234 422 0 NA NA NA NA NA NA 315 581 0 NA NA NA NA NA NA 293 1653 329 NA NA NA NA NA NA 617 1844 377 NA NA NA NA NA
1706738400.0 1314.0 NA 231 409 0 NA NA NA NA NA NA 321 564 0 NA NA NA NA NA NA 347 1525 364 NA NA NA NA NA NA 817 2010 413 NA NA NA NA NA
1706738400.0 1315.0 NA 224 396 0 NA NA NA NA NA NA 317 572 0 NA NA NA NA NA NA 302 1337 297 NA NA NA NA NA NA 541 1826 411 NA NA NA NA NA
1706738400.0 1316.0 NA 225 400 0 NA NA NA NA NA NA 316 568 0 NA NA NA NA NA NA 306 1351 295 NA NA NA NA NA NA 511 1782 337 NA NA NA NA NA
1706738400.0 1317.0 NA 224 394 0 168 NA NA NA NA NA 310 560 0 256 NA NA NA NA NA 304 1446 317 410 NA NA NA NA NA 321 2121 448 575 NA NA NA NA
1706738400.0 1318.0 NA 225 398 0 166 NA NA NA NA NA 310 550 0 255 NA NA NA NA NA 324 1399 309 406 NA NA NA NA NA 769 2175 374 624 NA NA NA NA
1706738400.0 1319.0 NA 221 398 0 NA NA NA NA NA NA 308 568 0 NA NA NA NA NA NA 306 1329 303 NA NA NA NA NA NA 674 1481 461 NA NA NA NA NA
1706738400.0 132.0 164 185 362 NA NA NA NA NA NA 283 258 503 NA NA NA NA NA NA 1669 323 1523 NA NA NA NA NA NA 1058 393 1965 NA NA NA NA NA NA
1706738400.0 1320.0 NA 227 397 0 165 NA NA NA NA NA 312 560 0 251 NA NA NA NA NA 333 1447 318 386 NA NA NA NA NA 635 2157 383 440 NA NA NA NA
1706738400.0 1321.0 NA 227 402 0 167 NA NA NA NA NA 320 545 0 250 NA NA NA NA NA 333 1455 331 401 NA NA NA NA NA 807 2056 425 652 NA NA NA NA
1706738400.0 1322.0 NA 225 402 0 167 NA NA NA NA NA 308 543 0 250 NA NA NA NA NA 335 1477 325 379 NA NA NA NA NA 698 2353 446 408 NA NA NA NA
1706738400.0 1323.0 NA 223 393 0 NA NA NA NA NA NA 313 556 0 NA NA NA NA NA NA 307 1316 300 NA NA NA NA NA NA 588 1464 359 NA NA NA NA NA
1706738400.0 13234.0 NA 592 0 NA NA NA NA NA NA NA 765 0 NA NA NA NA NA NA NA 3527 306 NA NA NA NA NA NA NA 1870 412 NA NA NA NA NA NA
1706738400.0 1324.0 NA 234 415 0 NA NA NA NA NA NA 327 585 0 NA NA NA NA NA NA 338 1510 364 NA NA NA NA NA NA 748 1707 787 NA NA NA NA NA
1706738400.0 1325.0 NA 234 415 0 133 171 NA NA NA NA 318 576 0 192 259 NA NA NA NA 356 1612 353 265 404 NA NA NA NA 849 2493 502 469 443 NA NA NA
1706738400.0 1325.1 NA 216 244 0 NA NA NA NA NA NA 323 374 0 NA NA NA NA NA NA 366 530 319 NA NA NA NA NA NA 673 659 419 NA NA NA NA NA
1706738400.0 1325.2 NA 236 408 0 NA NA NA NA NA NA 324 565 0 NA NA NA NA NA NA 332 1490 335 NA NA NA NA NA NA 416 1791 382 NA NA NA NA NA
1706738400.0 1325.3 NA 225 228 0 NA NA NA NA NA NA 316 378 0 NA NA NA NA NA NA 344 588 307 NA NA NA NA NA NA 695 1355 573 NA NA NA NA NA
1706738400.0 1325.4 NA 234 416 0 NA NA NA NA NA NA 324 562 0 NA NA NA NA NA NA 339 1514 341 NA NA NA NA NA NA 797 1696 391 NA NA NA NA NA
1706738400.0 1325.5 NA 251 0 NA NA NA NA NA NA NA 345 0 NA NA NA NA NA NA NA 1483 145 NA NA NA NA NA NA NA 1491 197 NA NA NA NA NA NA
1706738400.0 1325.51 NA 226 0 NA NA NA NA NA NA NA 333 0 NA NA NA NA NA NA NA 1480 143 NA NA NA NA NA NA NA 1599 176 NA NA NA NA NA NA
1706738400.0 1325.516 NA 251 0 NA NA NA NA NA NA NA 347 0 NA NA NA NA NA NA NA 1585 143 NA NA NA NA NA NA NA 1697 173 NA NA NA NA NA NA
1706738400.0 1325.5161 NA 239 0 NA NA NA NA NA NA NA 341 0 NA NA NA NA NA NA NA 1629 152 NA NA NA NA NA NA NA 1414 237 NA NA NA NA NA NA
1706738400.0 1325.517 NA 237 0 NA NA NA NA NA NA NA 332 0 NA NA NA NA NA NA NA 1627 142 NA NA NA NA NA NA NA 1300 190 NA NA NA NA NA NA
1706738400.0 1325.518 NA 257 0 NA NA NA NA NA NA NA 373 0 NA NA NA NA NA NA NA 1984 144 NA NA NA NA NA NA NA 1502 196 NA NA NA NA NA NA
1706738400.0 1325.9 NA 257 415 0 133 NA NA NA NA NA 347 587 0 199 NA NA NA NA NA 411 1593 353 257 NA NA NA NA NA 823 2619 454 331 NA NA NA NA
1706738400.0 1325.91 NA 257 415 0 133 NA NA NA NA NA 351 572 0 197 NA NA NA NA NA 389 1509 343 263 NA NA NA NA NA 569 1676 502 487 NA NA NA NA
1706738400.0 1326.0 NA 232 409 0 NA NA NA NA NA NA 315 558 0 NA NA NA NA NA NA 319 1372 326 NA NA NA NA NA NA 664 1483 447 NA NA NA NA NA
1706738400.0 1327.0 NA 229 406 0 NA NA NA NA NA NA 320 558 0 NA NA NA NA NA NA 317 1385 333 NA NA NA NA NA NA 545 1838 461 NA NA NA NA NA
1706738400.0 1328.0 NA 234 414 0 NA NA NA NA NA NA 324 559 0 NA NA NA NA NA NA 337 1479 331 NA NA NA NA NA NA 416 1918 388 NA NA NA NA NA
1706738400.0 1329.0 NA 230 409 0 168 NA NA NA NA NA 314 551 0 255 NA NA NA NA NA 332 1492 342 417 NA NA NA NA NA 410 2156 428 445 NA NA NA NA
1706738400.0 133.0 171 188 368 NA NA NA NA NA NA 287 266 494 NA NA NA NA NA NA 2315 307 1537 NA NA NA NA NA NA 1012 247 1549 NA NA NA NA NA NA
1706738400.0 1330.0 NA 234 443 0 168 NA NA NA NA NA 322 593 0 253 NA NA NA NA NA 334 1454 339 383 NA NA NA NA NA 521 1688 484 547 NA NA NA NA
1706738400.0 1331.0 NA 231 399 0 168 NA NA NA NA NA 316 549 0 257 NA NA NA NA NA 343 1494 339 406 NA NA NA NA NA 814 2321 411 485 NA NA NA NA
1706738400.0 1332.0 NA 233 411 0 NA NA NA NA NA NA 323 580 0 NA NA NA NA NA NA 342 1541 346 NA NA NA NA NA NA 691 2314 455 NA NA NA NA NA
1706738400.0 1333.0 NA 227 400 0 NA NA NA NA NA NA 313 564 0 NA NA NA NA NA NA 324 1374 332 NA NA NA NA NA NA 664 1751 373 NA NA NA NA NA
1706738400.0 1334.0 NA 235 409 0 NA NA NA NA NA NA 321 568 0 NA NA NA NA NA NA 327 1422 336 NA NA NA NA NA NA 645 1633 392 NA NA NA NA NA
1706738400.0 1335.0 NA 229 408 0 NA NA NA NA NA NA 323 571 0 NA NA NA NA NA NA 319 1365 331 NA NA NA NA NA NA 576 1630 642 NA NA NA NA NA
1706738400.0 1336.0 NA 233 419 0 NA NA NA NA NA NA 318 564 0 NA NA NA NA NA NA 382 2348 362 NA NA NA NA NA NA 741 2272 578 NA NA NA NA NA
1706738400.0 1337.0 NA 245 432 0 NA NA NA NA NA NA 338 587 0 NA NA NA NA NA NA 394 1969 366 NA NA NA NA NA NA 890 2337 574 NA NA NA NA NA
1706738400.0 1338.0 NA 234 417 0 170 NA NA NA NA NA 314 566 0 251 NA NA NA NA NA 359 1575 348 396 NA NA NA NA NA 752 2052 459 412 NA NA NA NA
1706738400.0 1339.0 NA 236 419 0 NA NA NA NA NA NA 327 569 0 NA NA NA NA NA NA 348 1697 342 NA NA NA NA NA NA 456 1648 425 NA NA NA NA NA
1706738400.0 134.0 NA 374 88 0 NA NA NA NA NA NA 506 152 0 NA NA NA NA NA NA 2506 127 63 NA NA NA NA NA NA 2801 369 90 NA NA NA NA NA
1706738400.0 134.701 NA 100 406 0 NA NA NA NA NA NA 177 570 0 NA NA NA NA NA NA 151 3341 288 NA NA NA NA NA NA 433 2447 320 NA NA NA NA NA
1706738400.0 134.702 NA 104 404 0 NA NA NA NA NA NA 181 566 0 NA NA NA NA NA NA 157 4283 277 NA NA NA NA NA NA 461 2187 316 NA NA NA NA NA
1706738400.0 134.703 NA 107 417 0 NA NA NA NA NA NA 181 577 0 NA NA NA NA NA NA 149 4223 290 NA NA NA NA NA NA 178 2028 356 NA NA NA NA NA
1706738400.0 134.704 NA 101 406 0 NA NA NA NA NA NA 183 570 0 NA NA NA NA NA NA 162 4098 270 NA NA NA NA NA NA 455 2025 297 NA NA NA NA NA
1706738400.0 134.705 NA 107 416 0 NA NA NA NA NA NA 179 588 0 NA NA NA NA NA NA 149 4431 303 NA NA NA NA NA NA 212 2117 334 NA NA NA NA NA
1706738400.0 134.706 NA 105 415 0 NA NA NA NA NA NA 183 589 0 NA NA NA NA NA NA 156 4498 306 NA NA NA NA NA NA 455 2121 340 NA NA NA NA NA
1706738400.0 134.707 NA 105 407 0 NA NA NA NA NA NA 181 570 0 NA NA NA NA NA NA 151 3994 272 NA NA NA NA NA NA 249 2021 302 NA NA NA NA NA
1706738400.0 134.708 NA 105 400 0 NA NA NA NA NA NA 178 574 0 NA NA NA NA NA NA 151 3919 269 NA NA NA NA NA NA 185 2136 290 NA NA NA NA NA
1706738400.0 134.709 NA 107 519 0 NA NA NA NA NA NA 182 796 0 NA NA NA NA NA NA 150 4221 287 NA NA NA NA NA NA 227 2074 348 NA NA NA NA NA
1706738400.0 134.71 NA 102 402 0 NA NA NA NA NA NA 171 564 0 NA NA NA NA NA NA 149 3205 304 NA NA NA NA NA NA 377 2423 509 NA NA NA NA NA
1706738400.0 134.801 NA 104 404 0 NA NA NA NA NA NA 174 577 0 NA NA NA NA NA NA 158 3389 277 NA NA NA NA NA NA 478 2804 305 NA NA NA NA NA
1706738400.0 134.802 NA 104 412 0 NA NA NA NA NA NA 175 593 0 NA NA NA NA NA NA 161 5043 283 NA NA NA NA NA NA 248 2246 360 NA NA NA NA NA
1706738400.0 134.803 NA 105 409 0 NA NA NA NA NA NA 174 582 0 NA NA NA NA NA NA 163 4543 282 NA NA NA NA NA NA 234 2107 315 NA NA NA NA NA
1706738400.0 134.804 NA 105 426 0 NA NA NA NA NA NA 179 592 0 NA NA NA NA NA NA 162 5035 280 NA NA NA NA NA NA 234 2407 309 NA NA NA NA NA
1706738400.0 134.805 NA 105 419 0 NA NA NA NA NA NA 177 597 0 NA NA NA NA NA NA 161 4947 288 NA NA NA NA NA NA 259 2270 320 NA NA NA NA NA
1706738400.0 134.806 NA 105 418 0 NA NA NA NA NA NA 181 586 0 NA NA NA NA NA NA 165 5400 277 NA NA NA NA NA NA 252 2404 300 NA NA NA NA NA
1706738400.0 134.807 NA 206 455 0 NA NA NA NA NA NA 308 645 0 NA NA NA NA NA NA 449 5164 355 NA NA NA NA NA NA 665 2753 376 NA NA NA NA NA
1706738400.0 134.808 NA 207 451 0 NA NA NA NA NA NA 303 660 0 NA NA NA NA NA NA 467 5246 322 NA NA NA NA NA NA 554 2525 352 NA NA NA NA NA
1706738400.0 134.809 NA 104 407 0 NA NA NA NA NA NA 176 586 0 NA NA NA NA NA NA 163 4631 290 NA NA NA NA NA NA 313 2140 436 NA NA NA NA NA
1706738400.0 134.81 NA 106 413 0 NA NA NA NA NA NA 176 589 0 NA NA NA NA NA NA 159 4557 277 NA NA NA NA NA NA 200 2096 302 NA NA NA NA NA
1706738400.0 134.811 NA 105 416 0 NA NA NA NA NA NA 178 596 0 NA NA NA NA NA NA 164 4880 282 NA NA NA NA NA NA 257 2238 357 NA NA NA NA NA
1706738400.0 134.812 NA 102 408 0 NA NA NA NA NA NA 175 562 0 NA NA NA NA NA NA 145 3143 280 NA NA NA NA NA NA 276 2142 381 NA NA NA NA NA
1706738400.0 134.813 NA 247 127 0 NA NA NA NA NA NA 399 195 0 NA NA NA NA NA NA 1254 191 176 NA NA NA NA NA NA 630 240 196 NA NA NA NA NA
1706738400.0 134.901 NA 106 401 0 NA NA NA NA NA NA 174 561 0 NA NA NA NA NA NA 143 3237 283 NA NA NA NA NA NA 168 2853 675 NA NA NA NA NA
1706738400.0 134.902 NA 105 404 0 NA NA NA NA NA NA 179 566 0 NA NA NA NA NA NA 150 3939 282 NA NA NA NA NA NA 225 1989 309 NA NA NA NA NA
1706738400.0 134.903 NA 106 403 0 NA NA NA NA NA NA 180 562 0 NA NA NA NA NA NA 162 3981 300 NA NA NA NA NA NA 313 2696 441 NA NA NA NA NA
1706738400.0 134.904 NA 104 407 0 NA NA NA NA NA NA 180 565 0 NA NA NA NA NA NA 154 4400 278 NA NA NA NA NA NA 207 2103 301 NA NA NA NA NA
1706738400.0 134.905 NA 105 403 0 NA NA NA NA NA NA 178 557 0 NA NA NA NA NA NA 155 3674 283 NA NA NA NA NA NA 316 2430 395 NA NA NA NA NA
1706738400.0 134.906 NA 105 409 0 NA NA NA NA NA NA 178 561 0 NA NA NA NA NA NA 158 4175 276 NA NA NA NA NA NA 207 2064 301 NA NA NA NA NA
1706738400.0 134.907 NA 208 443 0 NA NA NA NA NA NA 296 614 0 NA NA NA NA NA NA 410 4002 295 NA NA NA NA NA NA 728 2154 323 NA NA NA NA NA
1706738400.0 134.908 NA 205 443 0 NA NA NA NA NA NA 311 596 0 NA NA NA NA NA NA 398 4027 294 NA NA NA NA NA NA 561 1995 371 NA NA NA NA NA
1706738400.0 134.909 NA 105 400 0 NA NA NA NA NA NA 177 577 0 NA NA NA NA NA NA 158 4088 298 NA NA NA NA NA NA 297 2980 421 NA NA NA NA NA
1706738400.0 134.91 NA 106 399 0 NA NA NA NA NA NA 181 567 0 NA NA NA NA NA NA 156 3603 277 NA NA NA NA NA NA 315 2803 299 NA NA NA NA NA
1706738400.0 134.911 NA 106 402 0 NA NA NA NA NA NA 178 563 0 NA NA NA NA NA NA 155 3794 282 NA NA NA NA NA NA 288 2600 369 NA NA NA NA NA
1706738400.0 134.912 NA 103 404 0 NA NA NA NA NA NA 172 562 0 NA NA NA NA NA NA 145 2998 272 NA NA NA NA NA NA 186 2742 294 NA NA NA NA NA
1706738400.0 134.99601 NA 105 411 0 NA NA NA NA NA NA 175 577 0 NA NA NA NA NA NA 158 5593 283 NA NA NA NA NA NA 251 2475 349 NA NA NA NA NA
1706738400.0 134.99602 NA 105 403 0 NA NA NA NA NA NA 180 546 0 NA NA NA NA NA NA 155 3432 281 NA NA NA NA NA NA 218 2467 489 NA NA NA NA NA
1706738400.0 134.99603 NA 105 410 0 NA NA NA NA NA NA 176 597 0 NA NA NA NA NA NA 160 4483 289 NA NA NA NA NA NA 214 2163 446 NA NA NA NA NA
1706738400.0 134.99901 NA 105 400 0 NA NA NA NA NA NA 176 556 0 NA NA NA NA NA NA 150 3564 287 NA NA NA NA NA NA 208 2388 554 NA NA NA NA NA
1706738400.0 1340.0 NA 226 402 0 NA NA NA NA NA NA 306 563 0 NA NA NA NA NA NA 318 1366 321 NA NA NA NA NA NA 645 2485 372 NA NA NA NA NA
1706738400.0 1341.0 NA 239 423 0 NA NA NA NA NA NA 330 574 0 NA NA NA NA NA NA 362 1804 346 NA NA NA NA NA NA 476 1832 401 NA NA NA NA NA
1706738400.0 1343.0 NA 234 416 0 NA NA NA NA NA NA 323 556 0 NA NA NA NA NA NA 350 1575 333 NA NA NA NA NA NA 610 2104 358 NA NA NA NA NA
1706738400.0 13434.0 NA 788 0 NA NA NA NA NA NA NA 1047 0 NA NA NA NA NA NA NA 8880 283 NA NA NA NA NA NA NA 3948 331 NA NA NA NA NA NA
1706738400.0 1344.0 NA 229 411 0 NA NA NA NA NA NA 315 569 0 NA NA NA NA NA NA 327 1474 336 NA NA NA NA NA NA 614 1755 386 NA NA NA NA NA
1706738400.0 1345.0 NA 232 413 0 NA NA NA NA NA NA 324 564 0 NA NA NA NA NA NA 335 1468 331 NA NA NA NA NA NA 452 1847 356 NA NA NA NA NA
1706738400.0 1347.0 NA 233 413 0 NA NA NA NA NA NA 318 554 0 NA NA NA NA NA NA 334 1409 338 NA NA NA NA NA NA 586 1727 432 NA NA NA NA NA
1706738400.0 1348.0 NA 229 404 0 NA NA NA NA NA NA 323 548 0 NA NA NA NA NA NA 320 1380 332 NA NA NA NA NA NA 523 1766 540 NA NA NA NA NA
1706738400.0 1349.0 NA 231 407 0 NA NA NA NA NA NA 315 549 0 NA NA NA NA NA NA 323 1405 334 NA NA NA NA NA NA 557 2063 539 NA NA NA NA NA
1706738400.0 135.1 427 0 199 166 NA NA NA NA NA 582 0 282 253 NA NA NA NA NA 857 235 568 410 NA NA NA NA NA 1456 580 612 481 NA NA NA NA NA
1706738400.0 135.11 432 0 202 167 NA NA NA NA NA 582 0 290 255 NA NA NA NA NA 947 212 669 399 NA NA NA NA NA 843 240 912 499 NA NA NA NA NA
1706738400.0 135.12 424 0 197 164 NA NA NA NA NA 583 0 294 254 NA NA NA NA NA 796 225 551 394 NA NA NA NA NA 1006 598 616 535 NA NA NA NA NA
1706738400.0 135.13 385 0 NA NA NA NA NA NA NA 583 0 NA NA NA NA NA NA NA 876 294 NA NA NA NA NA NA NA 1307 556 NA NA NA NA NA NA NA
1706738400.0 135.14 429 0 206 167 NA NA NA NA NA 584 0 289 249 NA NA NA NA NA 840 226 564 393 NA NA NA NA NA 1119 471 627 651 NA NA NA NA NA
1706738400.0 135.2 354 0 190 159 NA NA NA NA NA 476 0 274 246 NA NA NA NA NA 715 195 545 371 NA NA NA NA NA 1446 332 733 415 NA NA NA NA NA
1706738400.0 135.3 350 0 195 160 NA NA NA NA NA 484 0 282 248 NA NA NA NA NA 693 203 555 363 NA NA NA NA NA 727 315 749 383 NA NA NA NA NA
1706738400.0 135.4 419 0 197 164 NA NA NA NA NA 547 0 280 253 NA NA NA NA NA 774 207 552 380 NA NA NA NA NA 1237 310 694 553 NA NA NA NA NA
1706738400.0 135.5 418 0 195 164 NA NA NA NA NA 564 0 287 248 NA NA NA NA NA 752 217 555 379 NA NA NA NA NA 1022 466 782 775 NA NA NA NA NA
1706738400.0 135.6 425 0 197 166 NA NA NA NA NA 578 0 292 251 NA NA NA NA NA 807 208 581 399 NA NA NA NA NA 861 239 941 628 NA NA NA NA NA
1706738400.0 135.7 417 0 196 164 NA NA NA NA NA 564 0 288 242 NA NA NA NA NA 761 208 545 382 NA NA NA NA NA 911 298 627 514 NA NA NA NA NA
1706738400.0 135.8 189 NA NA NA NA NA NA NA NA 290 NA NA NA NA NA NA NA NA 628 NA NA NA NA NA NA NA NA 466 NA NA NA NA NA NA NA NA
1706738400.0 135.9 418 0 194 162 NA NA NA NA NA 552 0 278 248 NA NA NA NA NA 736 213 555 366 NA NA NA NA NA 970 392 700 462 NA NA NA NA NA
1706738400.0 1350.0 NA 232 406 0 NA NA NA NA NA NA 317 561 0 NA NA NA NA NA NA 325 1404 334 NA NA NA NA NA NA 493 1808 397 NA NA NA NA NA
1706738400.0 1351.0 NA 231 406 0 NA NA NA NA NA NA 315 575 0 NA NA NA NA NA NA 326 1392 334 NA NA NA NA NA NA 604 1545 623 NA NA NA NA NA
1706738400.0 1352.0 NA 230 409 0 NA NA NA NA NA NA 318 571 0 NA NA NA NA NA NA 319 1355 336 NA NA NA NA NA NA 630 1441 677 NA NA NA NA NA
1706738400.0 1353.0 NA 234 410 0 NA NA NA NA NA NA 328 572 0 NA NA NA NA NA NA 330 1453 331 NA NA NA NA NA NA 474 1737 387 NA NA NA NA NA
1706738400.0 1354.0 NA 231 404 0 NA NA NA NA NA NA 318 572 0 NA NA NA NA NA NA 352 1463 356 NA NA NA NA NA NA 1123 1694 798 NA NA NA NA NA
1706738400.0 1355.0 NA 236 392 0 NA NA NA NA NA NA 314 582 0 NA NA NA NA NA NA 343 1478 331 NA NA NA NA NA NA 662 1513 379 NA NA NA NA NA
1706738400.0 1356.0 169 192 445 0 217 NA NA NA NA 273 309 591 0 307 NA NA NA NA 1460 322 1473 320 565 NA NA NA NA 1038 468 1881 373 658 NA NA NA NA
1706738400.0 136.721 NA 167 435 0 NA NA NA NA NA NA 245 602 0 NA NA NA NA NA NA 327 4620 275 NA NA NA NA NA NA 584 2291 300 NA NA NA NA NA
1706738400.0 136.722 NA 166 423 0 NA NA NA NA NA NA 237 620 0 NA NA NA NA NA NA 332 5389 199 NA NA NA NA NA NA 584 2464 227 NA NA NA NA NA
1706738400.0 136.723 NA 169 436 0 NA NA NA NA NA NA 244 622 0 NA NA NA NA NA NA 364 4975 287 NA NA NA NA NA NA 489 2207 503 NA NA NA NA NA
1706738400.0 136.724 NA 169 431 0 NA NA NA NA NA NA 251 631 0 NA NA NA NA NA NA 337 5956 189 NA NA NA NA NA NA 482 2601 217 NA NA NA NA NA
1706738400.0 136.72411 NA 237 0 NA NA NA NA NA NA NA 356 0 NA NA NA NA NA NA NA 1496 141 NA NA NA NA NA NA NA 1828 227 NA NA NA NA NA NA
1706738400.0 136.72412 NA 259 0 NA NA NA NA NA NA NA 363 0 NA NA NA NA NA NA NA 1657 149 NA NA NA NA NA NA NA 1463 323 NA NA NA NA NA NA
1706738400.0 136.725 NA 168 424 0 NA NA NA NA NA NA 247 607 0 NA NA NA NA NA NA 328 5127 196 NA NA NA NA NA NA 544 2374 229 NA NA NA NA NA
1706738400.0 136.726 NA 168 384 0 NA NA NA NA NA NA 251 571 0 NA NA NA NA NA NA 362 5377 183 NA NA NA NA NA NA 449 2475 213 NA NA NA NA NA
1706738400.0 136.727 NA 270 474 0 NA NA NA NA NA NA 371 656 0 NA NA NA NA NA NA 585 5118 291 NA NA NA NA NA NA 783 2240 352 NA NA NA NA NA
1706738400.0 136.728 NA 268 475 0 NA NA NA NA NA NA 382 686 0 NA NA NA NA NA NA 717 5996 289 NA NA NA NA NA NA 1061 2759 331 NA NA NA NA NA
1706738400.0 136.729 NA 168 444 0 NA NA NA NA NA NA 247 602 0 NA NA NA NA NA NA 314 5246 239 NA NA NA NA NA NA 443 2280 405 NA NA NA NA NA
1706738400.0 136.73 NA 168 445 0 NA NA NA NA NA NA 251 625 0 NA NA NA NA NA NA 356 5283 208 NA NA NA NA NA NA 496 2508 227 NA NA NA NA NA
1706738400.0 136.731 NA 166 436 0 NA NA NA NA NA NA 253 614 0 NA NA NA NA NA NA 326 5382 204 NA NA NA NA NA NA 608 2425 233 NA NA NA NA NA
1706738400.0 136.732 NA 168 473 0 NA NA NA NA NA NA 253 674 0 NA NA NA NA NA NA 306 4195 284 NA NA NA NA NA NA 360 2061 307 NA NA NA NA NA
1706738400.0 136.733 NA 252 128 0 NA NA NA NA NA NA 413 207 0 NA NA NA NA NA NA 821 241 195 NA NA NA NA NA NA 927 476 234 NA NA NA NA NA
1706738400.0 136.734 NA 167 387 0 NA NA NA NA NA NA 242 559 0 NA NA NA NA NA NA 411 5241 214 NA NA NA NA NA NA 367 2464 245 NA NA NA NA NA
1706738400.0 136.735 NA 169 380 0 NA NA NA NA NA NA 255 529 0 NA NA NA NA NA NA 385 2223 259 NA NA NA NA NA NA 634 2645 506 NA NA NA NA NA
1706738400.0 136.736 NA 170 450 0 NA NA NA NA NA NA 256 648 0 NA NA NA NA NA NA 385 7633 304 NA NA NA NA NA NA 395 2917 496 NA NA NA NA NA
1706738400.0 136.737 NA 167 428 0 NA NA NA NA NA NA 241 658 0 NA NA NA NA NA NA 403 8960 212 NA NA NA NA NA NA 504 3413 258 NA NA NA NA NA
1706738400.0 136.738 NA 166 446 0 NA NA NA NA NA NA 245 648 0 NA NA NA NA NA NA 489 8504 281 NA NA NA NA NA NA 642 3290 314 NA NA NA NA NA
1706738400.0 136.739 NA 168 435 0 NA NA NA NA NA NA 243 684 0 NA NA NA NA NA NA 415 9760 205 NA NA NA NA NA NA 726 3569 265 NA NA NA NA NA
1706738400.0 136.74 NA 167 443 0 NA NA NA NA NA NA 242 661 0 NA NA NA NA NA NA 406 8659 205 NA NA NA NA NA NA 646 3272 259 NA NA NA NA NA
1706738400.0 136.741 NA 167 394 0 NA NA NA NA NA NA 241 584 0 NA NA NA NA NA NA 452 8704 192 NA NA NA NA NA NA 672 3303 253 NA NA NA NA NA
1706738400.0 136.742 NA 166 448 0 NA NA NA NA NA NA 244 632 0 NA NA NA NA NA NA 395 8204 249 NA NA NA NA NA NA 581 3122 373 NA NA NA NA NA
1706738400.0 136.743 NA 168 483 0 NA NA NA NA NA NA 249 695 0 NA NA NA NA NA NA 435 7661 239 NA NA NA NA NA NA 648 2940 285 NA NA NA NA NA
1706738400.0 136.744 NA 167 440 0 NA NA NA NA NA NA 247 669 0 NA NA NA NA NA NA 384 8524 214 NA NA NA NA NA NA 629 3268 256 NA NA NA NA NA
1706738400.0 136.745 NA 121 472 0 NA NA NA NA NA NA 255 689 0 NA NA NA NA NA NA 362 6086 285 NA NA NA NA NA NA 573 2571 317 NA NA NA NA NA
1706738400.0 136.746 NA 166 394 0 NA NA NA NA NA NA 243 612 0 NA NA NA NA NA NA 495 7875 232 NA NA NA NA NA NA 448 3135 380 NA NA NA NA NA
1706738400.0 136.747 NA 167 453 0 NA NA NA NA NA NA 250 670 0 NA NA NA NA NA NA 381 7749 276 NA NA NA NA NA NA 785 2968 296 NA NA NA NA NA
1706738400.0 136.748 NA 168 390 0 NA NA NA NA NA NA 241 586 0 NA NA NA NA NA NA 390 7742 211 NA NA NA NA NA NA 396 3095 252 NA NA NA NA NA
1706738400.0 136.749 NA 168 456 0 NA NA NA NA NA NA 248 672 0 NA NA NA NA NA NA 476 8701 303 NA NA NA NA NA NA 714 3250 463 NA NA NA NA NA
1706738400.0 136.75 NA 167 454 0 NA NA NA NA NA NA 243 668 0 NA NA NA NA NA NA 416 10130 202 NA NA NA NA NA NA 528 3945 263 NA NA NA NA NA
1706738400.0 136.751 NA 167 447 0 NA NA NA NA NA NA 249 682 0 NA NA NA NA NA NA 400 10585 221 NA NA NA NA NA NA 342 3923 612 NA NA NA NA NA
1706738400.0 136.752 NA 168 390 0 NA NA NA NA NA NA 246 589 0 NA NA NA NA NA NA 438 8478 184 NA NA NA NA NA NA 705 3241 218 NA NA NA NA NA
1706738400.0 136.753 NA 166 463 0 NA NA NA NA NA NA 240 671 0 NA NA NA NA NA NA 415 8445 241 NA NA NA NA NA NA 681 3155 304 NA NA NA NA NA
1706738400.0 136.754 NA 172 497 0 NA NA NA NA NA NA 259 703 0 NA NA NA NA NA NA 393 6974 232 NA NA NA NA NA NA 832 2827 265 NA NA NA NA NA
1706738400.0 136.755 NA 167 429 0 NA NA NA NA NA NA 237 653 0 NA NA NA NA NA NA 412 9257 216 NA NA NA NA NA NA 517 3516 264 NA NA NA NA NA
1706738400.0 136.756 NA 166 482 0 NA NA NA NA NA NA 247 665 0 NA NA NA NA NA NA 343 5656 275 NA NA NA NA NA NA 543 2445 294 NA NA NA NA NA
1706738400.0 136.757 NA 168 399 0 NA NA NA NA NA NA 247 587 0 NA NA NA NA NA NA 472 7764 237 NA NA NA NA NA NA 500 3045 393 NA NA NA NA NA
1706738400.0 136.758 NA 166 457 0 NA NA NA NA NA NA 250 671 0 NA NA NA NA NA NA 419 9766 303 NA NA NA NA NA NA 628 3442 439 NA NA NA NA NA
1706738400.0 136.759 NA 166 450 0 NA NA NA NA NA NA 243 654 0 NA NA NA NA NA NA 411 10781 215 NA NA NA NA NA NA 705 4331 266 NA NA NA NA NA
1706738400.0 136.76 NA 164 467 0 NA NA NA NA NA NA 245 701 0 NA NA NA NA NA NA 477 12450 311 NA NA NA NA NA NA 609 4859 455 NA NA NA NA NA
1706738400.0 136.761 NA 168 447 0 NA NA NA NA NA NA 242 718 0 NA NA NA NA NA NA 413 13066 213 NA NA NA NA NA NA 667 4561 297 NA NA NA NA NA
1706738400.0 136.7611 NA 248 0 NA NA NA NA NA NA NA 351 0 NA NA NA NA NA NA NA 1816 142 NA NA NA NA NA NA NA 1506 227 NA NA NA NA NA NA
1706738400.0 136.76111 NA 254 0 NA NA NA NA NA NA NA 362 0 NA NA NA NA NA NA NA 1723 138 NA NA NA NA NA NA NA 1926 184 NA NA NA NA NA NA
1706738400.0 136.762 NA 168 426 0 NA NA NA NA NA NA 243 647 0 NA NA NA NA NA NA 410 14695 215 NA NA NA NA NA NA 319 5118 439 NA NA NA NA NA
1706738400.0 136.763 NA 167 402 0 NA NA NA NA NA NA 242 629 0 NA NA NA NA NA NA 435 11433 184 NA NA NA NA NA NA 769 4152 216 NA NA NA NA NA
1706738400.0 136.764 NA 167 461 0 NA NA NA NA NA NA 238 685 0 NA NA NA NA NA NA 396 11484 228 NA NA NA NA NA NA 527 4214 249 NA NA NA NA NA
1706738400.0 136.765 NA 166 489 0 NA NA NA NA NA NA 243 703 0 NA NA NA NA NA NA 439 9903 234 NA NA NA NA NA NA 590 3547 262 NA NA NA NA NA
1706738400.0 136.766 NA 167 431 0 NA NA NA NA NA NA 245 676 0 NA NA NA NA NA NA 400 11823 204 NA NA NA NA NA NA 342 4239 229 NA NA NA NA NA
1706738400.0 136.767 NA 167 486 0 NA NA NA NA NA NA 252 701 0 NA NA NA NA NA NA 391 8535 294 NA NA NA NA NA NA 615 3245 350 NA NA NA NA NA
1706738400.0 136.768 NA 167 404 0 NA NA NA NA NA NA 240 636 0 NA NA NA NA NA NA 489 10918 224 NA NA NA NA NA NA 777 4018 266 NA NA NA NA NA
1706738400.0 136.769 NA 169 454 0 NA NA NA NA NA NA 241 659 0 NA NA NA NA NA NA 360 7440 278 NA NA NA NA NA NA 610 2969 304 NA NA NA NA NA
1706738400.0 136.77 NA 168 440 0 NA NA NA NA NA NA 250 648 0 NA NA NA NA NA NA 390 8138 213 NA NA NA NA NA NA 388 3157 258 NA NA NA NA NA
1706738400.0 136.771 NA 169 458 0 NA NA NA NA NA NA 251 645 0 NA NA NA NA NA NA 435 7700 283 NA NA NA NA NA NA 649 2964 326 NA NA NA NA NA
1706738400.0 136.772 NA 169 434 0 NA NA NA NA NA NA 237 675 0 NA NA NA NA NA NA 396 9304 201 NA NA NA NA NA NA 666 3521 248 NA NA NA NA NA
1706738400.0 136.7721 NA 237 0 NA NA NA NA NA NA NA 352 0 NA NA NA NA NA NA NA 1718 138 NA NA NA NA NA NA NA 1667 179 NA NA NA NA NA NA
1706738400.0 136.77211 NA 234 0 NA NA NA NA NA NA NA 343 0 NA NA NA NA NA NA NA 1630 137 NA NA NA NA NA NA NA 1365 181 NA NA NA NA NA NA
1706738400.0 136.773 NA 168 444 0 NA NA NA NA NA NA 249 643 0 NA NA NA NA NA NA 398 7873 212 NA NA NA NA NA NA 623 3082 319 NA NA NA NA NA
1706738400.0 136.774 NA 168 368 0 NA NA NA NA NA NA 244 607 0 NA NA NA NA NA NA 410 8023 193 NA NA NA NA NA NA 371 3147 248 NA NA NA NA NA
1706738400.0 136.775 NA 169 451 0 NA NA NA NA NA NA 249 631 0 NA NA NA NA NA NA 362 7383 231 NA NA NA NA NA NA 544 3138 249 NA NA NA NA NA
1706738400.0 136.776 NA 170 481 0 NA NA NA NA NA NA 239 687 0 NA NA NA NA NA NA 403 6960 260 NA NA NA NA NA NA 641 2824 403 NA NA NA NA NA
1706738400.0 136.777 NA 169 439 0 NA NA NA NA NA NA 251 643 0 NA NA NA NA NA NA 382 8623 217 NA NA NA NA NA NA 657 3316 271 NA NA NA NA NA
1706738400.0 136.778 NA 170 481 0 NA NA NA NA NA NA 243 669 0 NA NA NA NA NA NA 336 5192 296 NA NA NA NA NA NA 519 2272 466 NA NA NA NA NA
1706738400.0 136.779 NA 167 395 0 NA NA NA NA NA NA 241 603 0 NA NA NA NA NA NA 443 7498 235 NA NA NA NA NA NA 480 2965 338 NA NA NA NA NA
1706738400.0 136.78 NA 187 541 0 NA NA NA NA NA NA 260 784 0 NA NA NA NA NA NA 378 10248 322 NA NA NA NA NA NA 504 3888 363 NA NA NA NA NA
1706738400.0 136.7801 NA 194 0 NA NA NA NA NA NA NA 276 0 NA NA NA NA NA NA NA 427 144 NA NA NA NA NA NA NA 520 169 NA NA NA NA NA NA
1706738400.0 136.7802 NA 128 0 NA NA NA NA NA NA NA 200 0 NA NA NA NA NA NA NA 249 142 NA NA NA NA NA NA NA 325 236 NA NA NA NA NA NA
1706738400.0 136.7803 NA 199 0 NA NA NA NA NA NA NA 279 0 NA NA NA NA NA NA NA 528 136 NA NA NA NA NA NA NA 759 164 NA NA NA NA NA NA
1706738400.0 136.781 NA 187 470 0 NA NA NA NA NA NA 262 742 0 NA NA NA NA NA NA 368 10098 253 NA NA NA NA NA NA 601 4346 312 NA NA NA NA NA
1706738400.0 136.782 NA 184 540 0 NA NA NA NA NA NA 268 801 0 NA NA NA NA NA NA 491 11423 318 NA NA NA NA NA NA 609 4940 348 NA NA NA NA NA
1706738400.0 136.783 NA 187 484 0 NA NA NA NA NA NA 261 747 0 NA NA NA NA NA NA 358 12651 256 NA NA NA NA NA NA 557 4485 292 NA NA NA NA NA
1706738400.0 136.784 NA 188 448 0 NA NA NA NA NA NA 270 668 0 NA NA NA NA NA NA 364 9482 251 NA NA NA NA NA NA 696 3713 313 NA NA NA NA NA
1706738400.0 136.785 NA 187 445 0 NA NA NA NA NA NA 264 670 0 NA NA NA NA NA NA 424 10619 220 NA NA NA NA NA NA 800 3975 250 NA NA NA NA NA
1706738400.0 136.786 NA 184 542 0 NA NA NA NA NA NA 259 812 0 NA NA NA NA NA NA 367 11095 276 NA NA NA NA NA NA 542 4212 311 NA NA NA NA NA
1706738400.0 136.787 NA 189 603 0 NA NA NA NA NA NA 260 842 0 NA NA NA NA NA NA 384 9989 268 NA NA NA NA NA NA 538 3794 289 NA NA NA NA NA
1706738400.0 136.788 NA 187 474 0 NA NA NA NA NA NA 262 752 0 NA NA NA NA NA NA 361 11711 251 NA NA NA NA NA NA 520 4165 308 NA NA NA NA NA
1706738400.0 136.789 NA 187 584 0 NA NA NA NA NA NA 267 842 0 NA NA NA NA NA NA 341 9690 314 NA NA NA NA NA NA 342 4449 346 NA NA NA NA NA
1706738400.0 136.79 NA 192 442 0 NA NA NA NA NA NA 276 628 0 NA NA NA NA NA NA 433 6189 274 NA NA NA NA NA NA 887 2884 377 NA NA NA NA NA
1706738400.0 136.791 NA 191 454 0 NA NA NA NA NA NA 273 644 0 NA NA NA NA NA NA 398 2467 287 NA NA NA NA NA NA 711 3201 415 NA NA NA NA NA
1706738400.0 136.792 NA 189 541 0 NA NA NA NA NA NA 270 779 0 NA NA NA NA NA NA 372 8385 335 NA NA NA NA NA NA 627 3467 392 NA NA NA NA NA
1706738400.0 136.793 NA 189 485 0 NA NA NA NA NA NA 273 722 0 NA NA NA NA NA NA 342 8060 267 NA NA NA NA NA NA 420 3172 486 NA NA NA NA NA
1706738400.0 136.794 NA 188 536 0 NA NA NA NA NA NA 280 780 0 NA NA NA NA NA NA 444 8836 317 NA NA NA NA NA NA 693 3436 343 NA NA NA NA NA
1706738400.0 136.795 NA 189 486 0 NA NA NA NA NA NA 277 732 0 NA NA NA NA NA NA 361 9118 235 NA NA NA NA NA NA 648 3431 259 NA NA NA NA NA
1706738400.0 136.796 NA 191 444 0 NA NA NA NA NA NA 267 643 0 NA NA NA NA NA NA 349 8023 263 NA NA NA NA NA NA 591 3277 442 NA NA NA NA NA
1706738400.0 136.797 NA 188 439 0 NA NA NA NA NA NA 262 664 0 NA NA NA NA NA NA 409 8683 233 NA NA NA NA NA NA 616 3387 274 NA NA NA NA NA
1706738400.0 136.798 NA 189 537 0 NA NA NA NA NA NA 273 784 0 NA NA NA NA NA NA 359 8464 273 NA NA NA NA NA NA 1011 3676 304 NA NA NA NA NA
1706738400.0 136.799 NA 188 609 0 NA NA NA NA NA NA 258 880 0 NA NA NA NA NA NA 410 8651 277 NA NA NA NA NA NA 721 3629 304 NA NA NA NA NA
1706738400.0 136.8 NA 189 496 0 NA NA NA NA NA NA 276 719 0 NA NA NA NA NA NA 359 9079 250 NA NA NA NA NA NA 757 3890 295 NA NA NA NA NA
1706738400.0 136.801 NA 189 578 0 NA NA NA NA NA NA 267 800 0 NA NA NA NA NA NA 305 5820 312 NA NA NA NA NA NA 487 2614 335 NA NA NA NA NA
1706738400.0 136.802 NA 188 441 0 NA NA NA NA NA NA 271 643 0 NA NA NA NA NA NA 429 7252 266 NA NA NA NA NA NA 635 3107 373 NA NA NA NA NA
1706738400.0 136.803 NA 192 460 0 NA NA NA NA NA NA 277 641 0 NA NA NA NA NA NA 369 2465 264 NA NA NA NA NA NA 720 2846 292 NA NA NA NA NA
1706738400.0 136.804 NA 189 533 0 NA NA NA NA NA NA 269 783 0 NA NA NA NA NA NA 359 8194 334 NA NA NA NA NA NA 642 3298 514 NA NA NA NA NA
1706738400.0 136.805 NA 189 480 0 NA NA NA NA NA NA 269 699 0 NA NA NA NA NA NA 343 8556 269 NA NA NA NA NA NA 388 3299 477 NA NA NA NA NA
1706738400.0 136.806 NA 189 527 0 NA NA NA NA NA NA 263 768 0 NA NA NA NA NA NA 430 8246 343 NA NA NA NA NA NA 681 3106 505 NA NA NA NA NA
1706738400.0 136.807 NA 191 480 0 NA NA NA NA NA NA 275 743 0 NA NA NA NA NA NA 354 9193 248 NA NA NA NA NA NA 656 3604 301 NA NA NA NA NA
1706738400.0 136.808 NA 189 490 0 NA NA NA NA NA NA 261 691 0 NA NA NA NA NA NA 358 8570 258 NA NA NA NA NA NA 531 3345 445 NA NA NA NA NA
1706738400.0 136.809 NA 188 432 0 NA NA NA NA NA NA 267 653 0 NA NA NA NA NA NA 417 8458 239 NA NA NA NA NA NA 444 3270 395 NA NA NA NA NA
1706738400.0 136.81 NA 189 515 0 NA NA NA NA NA NA 274 782 0 NA NA NA NA NA NA 328 8090 296 NA NA NA NA NA NA 337 3129 507 NA NA NA NA NA
1706738400.0 136.811 NA 191 599 0 NA NA NA NA NA NA 270 853 0 NA NA NA NA NA NA 378 8383 298 NA NA NA NA NA NA 676 3377 454 NA NA NA NA NA
1706738400.0 136.812 NA 188 484 0 NA NA NA NA NA NA 259 722 0 NA NA NA NA NA NA 352 9262 252 NA NA NA NA NA NA 411 3607 316 NA NA NA NA NA
1706738400.0 136.813 NA 190 576 0 NA NA NA NA NA NA 268 801 0 NA NA NA NA NA NA 320 5928 330 NA NA NA NA NA NA 433 2602 381 NA NA NA NA NA
1706738400.0 136.814 NA 189 438 0 NA NA NA NA NA NA 280 653 0 NA NA NA NA NA NA 444 7954 273 NA NA NA NA NA NA 439 3221 386 NA NA NA NA NA
1706738400.0 136.815 NA 192 460 0 NA NA NA NA NA NA 274 668 0 NA NA NA NA NA NA 355 2539 273 NA NA NA NA NA NA 742 2838 316 NA NA NA NA NA
1706738400.0 136.816 NA 186 550 0 NA NA NA NA NA NA 277 850 0 NA NA NA NA NA NA 395 12736 340 NA NA NA NA NA NA 609 4849 462 NA NA NA NA NA
1706738400.0 136.817 NA 189 489 0 NA NA NA NA NA NA 269 764 0 NA NA NA NA NA NA 353 10693 243 NA NA NA NA NA NA 1008 4429 269 NA NA NA NA NA
1706738400.0 136.818 NA 189 552 0 NA NA NA NA NA NA 262 826 0 NA NA NA NA NA NA 419 11106 317 NA NA NA NA NA NA 504 3913 343 NA NA NA NA NA
1706738400.0 136.819 NA 163 477 0 NA NA NA NA NA NA 264 770 0 NA NA NA NA NA NA 375 12804 245 NA NA NA NA NA NA 1229 4591 286 NA NA NA NA NA
1706738400.0 136.82 NA 187 455 0 NA NA NA NA NA NA 260 700 0 NA NA NA NA NA NA 371 12032 240 NA NA NA NA NA NA 489 4373 268 NA NA NA NA NA
1706738400.0 136.821 NA 190 448 0 NA NA NA NA NA NA 270 700 0 NA NA NA NA NA NA 393 10857 223 NA NA NA NA NA NA 526 3974 247 NA NA NA NA NA
1706738400.0 136.822 NA 188 537 0 NA NA NA NA NA NA 270 786 0 NA NA NA NA NA NA 368 11199 291 NA NA NA NA NA NA 1015 3994 352 NA NA NA NA NA
1706738400.0 136.823 NA 189 604 0 NA NA NA NA NA NA 266 919 0 NA NA NA NA NA NA 393 10414 277 NA NA NA NA NA NA 503 3937 301 NA NA NA NA NA
1706738400.0 136.824 NA 141 490 0 NA NA NA NA NA NA 266 769 0 NA NA NA NA NA NA 381 13559 246 NA NA NA NA NA NA 742 4891 287 NA NA NA NA NA
1706738400.0 136.825 NA 187 551 0 NA NA NA NA NA NA 266 860 0 NA NA NA NA NA NA 358 7466 334 NA NA NA NA NA NA 692 2934 386 NA NA NA NA NA
1706738400.0 136.826 NA 184 442 0 NA NA NA NA NA NA 262 712 0 NA NA NA NA NA NA 463 11302 259 NA NA NA NA NA NA 609 4181 296 NA NA NA NA NA
1706738400.0 136.827 NA 191 463 0 NA NA NA NA NA NA 280 659 0 NA NA NA NA NA NA 347 2579 290 NA NA NA NA NA NA 770 2784 496 NA NA NA NA NA
1706738400.0 136.828 NA 188 571 0 NA NA NA NA NA NA 277 802 0 NA NA NA NA NA NA 380 13054 325 NA NA NA NA NA NA 628 5114 443 NA NA NA NA NA
1706738400.0 136.829 NA 188 492 0 NA NA NA NA NA NA 274 802 0 NA NA NA NA NA NA 362 12792 246 NA NA NA NA NA NA 800 4693 266 NA NA NA NA NA
1706738400.0 136.83 NA 187 549 0 NA NA NA NA NA NA 264 818 0 NA NA NA NA NA NA 437 12682 324 NA NA NA NA NA NA 429 4335 378 NA NA NA NA NA
1706738400.0 136.831 NA 188 496 0 NA NA NA NA NA NA 271 805 0 NA NA NA NA NA NA 364 13890 247 NA NA NA NA NA NA 747 4805 272 NA NA NA NA NA
1706738400.0 136.8311 NA 238 0 NA NA NA NA NA NA NA 346 0 NA NA NA NA NA NA NA 1744 135 NA NA NA NA NA NA NA 1424 183 NA NA NA NA NA NA
1706738400.0 136.83111 NA 254 0 NA NA NA NA NA NA NA 372 0 NA NA NA NA NA NA NA 1767 138 NA NA NA NA NA NA NA 1325 182 NA NA NA NA NA NA
1706738400.0 136.832 NA 189 510 0 NA NA NA NA NA NA 260 803 0 NA NA NA NA NA NA 368 15239 251 NA NA NA NA NA NA 301 5696 455 NA NA NA NA NA
1706738400.0 136.833 NA 188 450 0 NA NA NA NA NA NA 262 711 0 NA NA NA NA NA NA 411 13406 228 NA NA NA NA NA NA 429 4992 310 NA NA NA NA NA
1706738400.0 136.834 NA 188 536 0 NA NA NA NA NA NA 272 841 0 NA NA NA NA NA NA 368 12778 270 NA NA NA NA NA NA 758 4464 292 NA NA NA NA NA
1706738400.0 136.835 NA 189 619 0 NA NA NA NA NA NA 267 909 0 NA NA NA NA NA NA 409 11823 281 NA NA NA NA NA NA 764 4291 328 NA NA NA NA NA
1706738400.0 136.836 NA 189 504 0 NA NA NA NA NA NA 260 762 0 NA NA NA NA NA NA 383 13665 252 NA NA NA NA NA NA 728 4720 339 NA NA NA NA NA
1706738400.0 136.837 NA 190 609 0 NA NA NA NA NA NA 267 861 0 NA NA NA NA NA NA 373 10108 338 NA NA NA NA NA NA 796 3666 423 NA NA NA NA NA
1706738400.0 136.838 NA 190 458 0 NA NA NA NA NA NA 274 722 0 NA NA NA NA NA NA 446 11836 265 NA NA NA NA NA NA 399 4329 325 NA NA NA NA NA
1706738400.0 136.839 NA 196 460 0 NA NA NA NA NA NA 273 647 0 NA NA NA NA NA NA 354 2604 298 NA NA NA NA NA NA 857 2712 650 NA NA NA NA NA
1706738400.0 136.8391 NA 223 561 0 NA NA NA NA NA NA 332 820 0 NA NA NA NA NA NA 918 11188 297 NA NA NA NA NA NA 3938 3913 323 NA NA NA NA NA
1706738400.0 136.84 NA 191 446 0 NA NA NA NA NA NA 270 664 0 NA NA NA NA NA NA 387 10105 233 NA NA NA NA NA NA 680 3660 277 NA NA NA NA NA
1706738400.0 136.841 NA 190 443 0 NA NA NA NA NA NA 284 708 0 NA NA NA NA NA NA 368 10625 231 NA NA NA NA NA NA 641 3904 291 NA NA NA NA NA
1706738400.0 136.842 NA 190 449 0 NA NA NA NA NA NA 271 724 0 NA NA NA NA NA NA 369 13482 221 NA NA NA NA NA NA 407 4724 244 NA NA NA NA NA
1706738400.0 136.843 NA 188 442 0 NA NA NA NA NA NA 268 738 0 NA NA NA NA NA NA 380 16421 246 NA NA NA NA NA NA 716 5372 415 NA NA NA NA NA
1706738400.0 136.844 NA 187 437 0 NA NA NA NA NA NA 264 659 0 NA NA NA NA NA NA 465 9126 241 NA NA NA NA NA NA 551 3495 383 NA NA NA NA NA
1706738400.0 136.845 NA 189 433 0 NA NA NA NA NA NA 279 653 0 NA NA NA NA NA NA 435 7373 228 NA NA NA NA NA NA 670 3062 269 NA NA NA NA NA
1706738400.0 136.846 NA 189 426 0 NA NA NA NA NA NA 266 629 0 NA NA NA NA NA NA 423 7292 233 NA NA NA NA NA NA 638 3067 307 NA NA NA NA NA
1706738400.0 136.847 NA 187 443 0 NA NA NA NA NA NA 269 685 0 NA NA NA NA NA NA 469 11271 234 NA NA NA NA NA NA 597 4143 277 NA NA NA NA NA
1706738400.0 136.848 NA 143 435 0 NA NA NA NA NA NA 272 712 0 NA NA NA NA NA NA 453 13158 228 NA NA NA NA NA NA 1401 4769 253 NA NA NA NA NA
1706738400.0 136.849 NA 190 525 0 NA NA NA NA NA NA 262 756 0 NA NA NA NA NA NA 320 8256 338 NA NA NA NA NA NA 580 3258 420 NA NA NA NA NA
1706738400.0 136.85 NA 188 541 0 NA NA NA NA NA NA 266 791 0 NA NA NA NA NA NA 333 8936 267 NA NA NA NA NA NA 767 3548 399 NA NA NA NA NA
1706738400.0 136.8501 NA 189 436 0 NA NA NA NA NA NA 270 652 0 NA NA NA NA NA NA 335 9431 237 NA NA NA NA NA NA 766 3641 286 NA NA NA NA NA
1706738400.0 136.851 NA 189 492 0 NA NA NA NA NA NA 264 783 0 NA NA NA NA NA NA 393 8670 316 NA NA NA NA NA NA 621 3362 351 NA NA NA NA NA
1706738400.0 136.852 NA 190 494 0 NA NA NA NA NA NA 272 763 0 NA NA NA NA NA NA 345 10323 249 NA NA NA NA NA NA 506 3877 307 NA NA NA NA NA
1706738400.0 136.853 NA 188 487 0 NA NA NA NA NA NA 271 756 0 NA NA NA NA NA NA 332 8365 257 NA NA NA NA NA NA 717 3371 361 NA NA NA NA NA
1706738400.0 136.854 NA 187 437 0 NA NA NA NA NA NA 268 685 0 NA NA NA NA NA NA 393 9459 231 NA NA NA NA NA NA 747 3693 289 NA NA NA NA NA
1706738400.0 136.855 NA 189 592 0 NA NA NA NA NA NA 271 844 0 NA NA NA NA NA NA 372 8701 297 NA NA NA NA NA NA 740 3450 343 NA NA NA NA NA
1706738400.0 136.856 NA 188 610 0 NA NA NA NA NA NA 266 827 0 NA NA NA NA NA NA 285 6340 334 NA NA NA NA NA NA 662 3003 471 NA NA NA NA NA
1706738400.0 136.8561 NA 181 446 0 NA NA NA NA NA NA 260 631 0 NA NA NA NA NA NA 249 2048 308 NA NA NA NA NA NA 630 2666 359 NA NA NA NA NA
1706738400.0 136.8562 NA 177 432 0 NA NA NA NA NA NA 252 618 0 NA NA NA NA NA NA 221 1748 294 NA NA NA NA NA NA 765 1760 414 NA NA NA NA NA
1706738400.0 136.857 NA 187 443 0 NA NA NA NA NA NA 268 670 0 NA NA NA NA NA NA 400 8154 275 NA NA NA NA NA NA 652 3937 446 NA NA NA NA NA
1706738400.0 136.858 NA 190 454 0 NA NA NA NA NA NA 266 638 0 NA NA NA NA NA NA 359 2580 298 NA NA NA NA NA NA 479 2701 621 NA NA NA NA NA
1706738400.0 136.859 NA 189 453 0 NA NA NA NA NA NA 260 692 0 NA NA NA NA NA NA 336 10932 221 NA NA NA NA NA NA 481 4643 242 NA NA NA NA NA
1706738400.0 136.86 NA 188 443 0 NA NA NA NA NA NA 277 645 0 NA NA NA NA NA NA 399 8345 231 NA NA NA NA NA NA 642 3309 287 NA NA NA NA NA
1706738400.0 136.861 NA 185 530 0 NA NA NA NA NA NA 266 784 0 NA NA NA NA NA NA 361 11494 334 NA NA NA NA NA NA 608 4344 392 NA NA NA NA NA
1706738400.0 136.862 NA 188 497 0 NA NA NA NA NA NA 259 770 0 NA NA NA NA NA NA 330 11414 251 NA NA NA NA NA NA 629 4160 301 NA NA NA NA NA
1706738400.0 136.863 NA 188 542 0 NA NA NA NA NA NA 263 805 0 NA NA NA NA NA NA 407 11681 331 NA NA NA NA NA NA 539 4142 513 NA NA NA NA NA
1706738400.0 136.864 NA 187 496 0 NA NA NA NA NA NA 254 804 0 NA NA NA NA NA NA 347 13687 238 NA NA NA NA NA NA 365 5141 262 NA NA NA NA NA
1706738400.0 136.8642 NA 190 499 0 NA NA NA NA NA NA 271 820 0 NA NA NA NA NA NA 352 13733 248 NA NA NA NA NA NA 666 5080 300 NA NA NA NA NA
1706738400.0 136.865 NA 189 507 0 NA NA NA NA NA NA 268 767 0 NA NA NA NA NA NA 344 12561 244 NA NA NA NA NA NA 496 4685 270 NA NA NA NA NA
1706738400.0 136.866 NA 189 451 0 NA NA NA NA NA NA 261 699 0 NA NA NA NA NA NA 382 11526 229 NA NA NA NA NA NA 447 4183 287 NA NA NA NA NA
1706738400.0 136.867 NA 186 610 0 NA NA NA NA NA NA 263 859 0 NA NA NA NA NA NA 373 11544 285 NA NA NA NA NA NA 1089 4279 340 NA NA NA NA NA
1706738400.0 136.868 NA 191 625 0 NA NA NA NA NA NA 268 865 0 NA NA NA NA NA NA 324 9392 326 NA NA NA NA NA NA 959 3788 349 NA NA NA NA NA
1706738400.0 136.869 NA 188 466 0 NA NA NA NA NA NA 274 702 0 NA NA NA NA NA NA 421 12065 262 NA NA NA NA NA NA 484 4420 300 NA NA NA NA NA
1706738400.0 136.87 NA 192 460 0 NA NA NA NA NA NA 280 652 0 NA NA NA NA NA NA 379 2694 300 NA NA NA NA NA NA 610 2605 443 NA NA NA NA NA
1706738400.0 136.871 NA 188 465 0 NA NA NA NA NA NA 267 738 0 NA NA NA NA NA NA 369 15254 241 NA NA NA NA NA NA 2256 5444 365 NA NA NA NA NA
1706738400.0 136.872 NA 187 468 0 NA NA NA NA NA NA 268 671 0 NA NA NA NA NA NA 406 11470 223 NA NA NA NA NA NA 843 4319 247 NA NA NA NA NA
1706738400.0 136.873 NA 188 536 0 NA NA NA NA NA NA 262 807 0 NA NA NA NA NA NA 348 10334 329 NA NA NA NA NA NA 951 4013 456 NA NA NA NA NA
1706738400.0 136.874 NA 187 545 0 NA NA NA NA NA NA 263 837 0 NA NA NA NA NA NA 335 10651 252 NA NA NA NA NA NA 997 3942 285 NA NA NA NA NA
1706738400.0 136.875 NA 188 545 0 NA NA NA NA NA NA 264 805 0 NA NA NA NA NA NA 427 10807 325 NA NA NA NA NA NA 549 3846 368 NA NA NA NA NA
1706738400.0 136.876 NA 189 505 0 NA NA NA NA NA NA 266 761 0 NA NA NA NA NA NA 341 12664 237 NA NA NA NA NA NA 470 4533 259 NA NA NA NA NA
1706738400.0 136.877 NA 190 477 0 NA NA NA NA NA NA 268 759 0 NA NA NA NA NA NA 349 10466 249 NA NA NA NA NA NA 801 4046 290 NA NA NA NA NA
1706738400.0 136.878 NA 187 455 0 NA NA NA NA NA NA 268 708 0 NA NA NA NA NA NA 378 10895 216 NA NA NA NA NA NA 542 4038 236 NA NA NA NA NA
1706738400.0 136.879 NA 189 617 0 NA NA NA NA NA NA 261 893 0 NA NA NA NA NA NA 358 10059 288 NA NA NA NA NA NA 560 3932 344 NA NA NA NA NA
1706738400.0 136.88 NA 188 617 0 NA NA NA NA NA NA 267 883 0 NA NA NA NA NA NA 322 8643 347 NA NA NA NA NA NA 563 3756 442 NA NA NA NA NA
1706738400.0 136.881 NA 188 448 0 NA NA NA NA NA NA 276 697 0 NA NA NA NA NA NA 450 9352 254 NA NA NA NA NA NA 843 3518 288 NA NA NA NA NA
1706738400.0 136.882 NA 192 498 0 NA NA NA NA NA NA 284 685 0 NA NA NA NA NA NA 409 3247 283 NA NA NA NA NA NA 695 2861 317 NA NA NA NA NA
1706738400.0 136.883 NA 188 456 0 NA NA NA NA NA NA 272 725 0 NA NA NA NA NA NA 339 13318 227 NA NA NA NA NA NA 457 4841 305 NA NA NA NA NA
1706738400.0 136.884 NA 188 462 0 NA NA NA NA NA NA 277 680 0 NA NA NA NA NA NA 434 9671 232 NA NA NA NA NA NA 647 3840 275 NA NA NA NA NA
1706738400.0 136.885 NA 188 535 0 NA NA NA NA NA NA 270 785 0 NA NA NA NA NA NA 343 10333 320 NA NA NA NA NA NA 504 3702 342 NA NA NA NA NA
1706738400.0 136.8855 NA 177 150 0 NA NA NA NA NA NA 261 296 0 NA NA NA NA NA NA 362 475 138 NA NA NA NA NA NA 528 630 366 NA NA NA NA NA
1706738400.0 136.886 NA 188 492 0 NA NA NA NA NA NA 263 770 0 NA NA NA NA NA NA 348 10512 254 NA NA NA NA NA NA 802 4088 301 NA NA NA NA NA
1706738400.0 136.8861 NA 191 496 0 NA NA NA NA NA NA 266 760 0 NA NA NA NA NA NA 374 9535 270 NA NA NA NA NA NA 758 3926 299 NA NA NA NA NA
1706738400.0 136.8862 NA 189 496 0 NA NA NA NA NA NA 266 769 0 NA NA NA NA NA NA 335 10922 242 NA NA NA NA NA NA 996 3960 263 NA NA NA NA NA
1706738400.0 136.887 NA 188 533 0 NA NA NA NA NA NA 271 771 0 NA NA NA NA NA NA 397 10280 327 NA NA NA NA NA NA 960 3730 376 NA NA NA NA NA
1706738400.0 136.888 NA 183 505 0 NA NA NA NA NA NA 264 772 0 NA NA NA NA NA NA 353 11888 246 NA NA NA NA NA NA 1425 4278 304 NA NA NA NA NA
1706738400.0 136.88811 NA 247 0 NA NA NA NA NA NA NA 359 0 NA NA NA NA NA NA NA 1789 137 NA NA NA NA NA NA NA 1604 183 NA NA NA NA NA NA
1706738400.0 136.8885 NA 141 151 0 NA NA NA NA NA NA 256 309 0 NA NA NA NA NA NA 329 487 130 NA NA NA NA NA NA 331 791 157 NA NA NA NA NA
1706738400.0 136.889 NA 189 482 0 NA NA NA NA NA NA 266 760 0 NA NA NA NA NA NA 335 11166 247 NA NA NA NA NA NA 522 4122 280 NA NA NA NA NA
1706738400.0 136.89 NA 189 455 0 NA NA NA NA NA NA 273 709 0 NA NA NA NA NA NA 375 10247 218 NA NA NA NA NA NA 752 3864 235 NA NA NA NA NA
1706738400.0 136.891 NA 188 609 0 NA NA NA NA NA NA 272 865 0 NA NA NA NA NA NA 370 10081 278 NA NA NA NA NA NA 597 3894 299 NA NA NA NA NA
1706738400.0 136.892 NA 186 623 0 NA NA NA NA NA NA 262 846 0 NA NA NA NA NA NA 326 9362 359 NA NA NA NA NA NA 860 5081 628 NA NA NA NA NA
1706738400.0 136.893 NA 187 455 0 NA NA NA NA NA NA 262 699 0 NA NA NA NA NA NA 432 10508 280 NA NA NA NA NA NA 556 3905 435 NA NA NA NA NA
1706738400.0 136.894 NA 192 513 0 NA NA NA NA NA NA 264 729 0 NA NA NA NA NA NA 380 5086 282 NA NA NA NA NA NA 437 2486 300 NA NA NA NA NA
1706738400.0 136.895 NA 189 457 0 NA NA NA NA NA NA 276 692 0 NA NA NA NA NA NA 352 12135 221 NA NA NA NA NA NA 1019 4344 246 NA NA NA NA NA
1706738400.0 136.896 NA 188 457 0 NA NA NA NA NA NA 265 675 0 NA NA NA NA NA NA 399 10161 236 NA NA NA NA NA NA 404 3887 291 NA NA NA NA NA
1706738400.0 136.897 NA 294 128 0 NA NA NA NA NA NA 484 198 0 NA NA NA NA NA NA 838 204 268 NA NA NA NA NA NA 658 262 423 NA NA NA NA NA
1706738400.0 136.898 NA 185 480 0 NA NA NA NA NA NA 263 754 0 NA NA NA NA NA NA 385 10723 237 NA NA NA NA NA NA 676 3989 340 NA NA NA NA NA
1706738400.0 136.899 NA 308 168 0 NA NA NA NA NA NA 515 289 0 NA NA NA NA NA NA 1053 235 252 NA NA NA NA NA NA 577 313 294 NA NA NA NA NA
1706738400.0 136.9 NA 256 240 341 204 NA NA NA NA NA 397 352 493 288 NA NA NA NA NA 6359 1005 1146 908 NA NA NA NA NA 7864 1170 1295 1730 NA NA NA NA
1706738400.0 1360.0 123 224 363 0 NA NA NA NA NA 264 310 545 0 NA NA NA NA NA 2330 275 1416 322 NA NA NA NA NA 4076 527 1716 359 NA NA NA NA NA
1706738400.0 1361.0 169 226 410 0 NA NA NA NA NA 270 310 570 0 NA NA NA NA NA 5845 328 1457 344 NA NA NA NA NA 2383 476 1816 529 NA NA NA NA NA
1706738400.0 1361.17 147 296 485 0 170 NA NA NA NA 246 392 672 0 261 NA NA NA NA 5859 1457 1529 427 441 NA NA NA NA 2549 573 1501 553 540 NA NA NA NA
1706738400.0 1361.18 147 290 472 0 173 NA NA NA NA 246 371 669 0 268 NA NA NA NA 5884 1426 1575 433 472 NA NA NA NA 3456 565 1846 551 577 NA NA NA NA
1706738400.0 1361.181 148 290 474 0 175 NA NA NA NA 247 382 667 0 267 NA NA NA NA 5803 1428 1569 435 419 NA NA NA NA 2072 569 1756 630 556 NA NA NA NA
1706738400.0 1362.0 165 227 389 0 NA NA NA NA NA 280 306 572 0 NA NA NA NA NA 7708 324 1555 367 NA NA NA NA NA 2647 266 1530 409 NA NA NA NA NA
1706738400.0 1362.17 149 298 471 0 171 NA NA NA NA 252 390 686 0 260 NA NA NA NA 7666 1459 1591 430 461 NA NA NA NA 3434 576 1824 545 535 NA NA NA NA
1706738400.0 1362.18 108 289 475 0 173 NA NA NA NA 246 383 684 0 265 NA NA NA NA 7679 1422 1602 452 439 NA NA NA NA 3600 558 1879 507 511 NA NA NA NA
1706738400.0 1363.0 160 225 408 0 NA NA NA NA NA 271 315 552 0 NA NA NA NA NA 7223 322 1469 346 NA NA NA NA NA 3149 411 1754 424 NA NA NA NA NA
1706738400.0 1363.17 109 297 475 0 171 NA NA NA NA 249 382 682 0 263 NA NA NA NA 7693 1456 1615 437 431 NA NA NA NA 3272 556 1872 472 532 NA NA NA NA
1706738400.0 1363.18 148 290 487 0 174 NA NA NA NA 248 388 680 0 265 NA NA NA NA 7751 1434 1574 439 451 NA NA NA NA 3985 568 1497 561 513 NA NA NA NA
1706738400.0 1364.0 NA 229 404 0 NA NA NA NA NA NA 316 544 0 NA NA NA NA NA NA 327 1395 343 NA NA NA NA NA NA 722 2120 623 NA NA NA NA NA
1706738400.0 1365.0 NA 234 406 0 NA NA NA NA NA NA 318 557 0 NA NA NA NA NA NA 362 1512 334 NA NA NA NA NA NA 754 2367 364 NA NA NA NA NA
1706738400.0 1366.0 NA 231 407 0 NA NA NA NA NA NA 316 562 0 NA NA NA NA NA NA 328 1423 327 NA NA NA NA NA NA 652 2027 369 NA NA NA NA NA
1706738400.0 137.8 NA 187 545 NA 189 479 0 NA NA NA 268 822 NA 266 758 0 NA NA NA 328 10211 NA 309 10339 310 NA NA NA 1522 3886 NA 306 3958 610 NA NA
1706738400.0 1370.0 70 172 226 412 0 165 NA NA NA 108 275 311 577 0 257 NA NA NA 47 1889 345 1527 338 421 NA NA NA 220 1201 383 1851 401 858 NA NA NA
1706738400.0 1370.17 70 149 297 483 0 172 NA NA NA 108 233 393 667 0 264 NA NA NA 45 1710 1455 1599 402 405 NA NA NA 146 804 630 1586 449 530 NA NA NA
1706738400.0 1370.18 70 148 287 485 0 173 NA NA NA 108 234 392 671 0 262 NA NA NA 48 1918 1444 1652 410 373 NA NA NA 146 1060 571 1819 464 394 NA NA NA
1706738400.0 138.1 NA 291 148 0 NA NA NA NA NA NA 497 251 0 NA NA NA NA NA NA 962 243 246 NA NA NA NA NA NA 1180 412 284 NA NA NA NA NA
1706738400.0 138.2 NA 304 146 0 NA NA NA NA NA NA 498 252 0 NA NA NA NA NA NA 877 241 260 NA NA NA NA NA NA 619 404 333 NA NA NA NA NA
1706738400.0 138.3 NA 77 546 0 NA NA NA NA NA NA 129 750 0 NA NA NA NA NA NA 55 73412 302 NA NA NA NA NA NA 234 26467 323 NA NA NA NA NA
1706738400.0 138.4 NA 388 0 NA NA NA NA NA NA NA 596 0 NA NA NA NA NA NA NA 1322 319 NA NA NA NA NA NA NA 1119 461 NA NA NA NA NA NA
1706738400.0 138.5 NA 436 215 0 NA NA NA NA NA NA 644 329 0 NA NA NA NA NA NA 1501 359 324 NA NA NA NA NA NA 1668 475 361 NA NA NA NA NA
1706738400.0 139.001 NA 196 447 0 NA NA NA NA NA NA 278 652 0 NA NA NA NA NA NA 267 2010 245 NA NA NA NA NA NA 262 2646 290 NA NA NA NA NA
1706738400.0 139.002 NA 191 529 0 NA NA NA NA NA NA 276 732 0 NA NA NA NA NA NA 281 2315 329 NA NA NA NA NA NA 381 2694 360 NA NA NA NA NA
1706738400.0 139.003 NA 192 362 0 NA NA NA NA NA NA 279 526 0 NA NA NA NA NA NA 267 1773 151 NA NA NA NA NA NA 343 2153 260 NA NA NA NA NA
1706738400.0 139.004 NA 191 445 0 NA NA NA NA NA NA 272 647 0 NA NA NA NA NA NA 451 2544 311 NA NA NA NA NA NA 581 2500 449 NA NA NA NA NA
1706738400.0 139.005 NA 163 135 NA NA NA NA NA NA NA 265 264 NA NA NA NA NA NA NA 11483 8294 NA NA NA NA NA NA NA 4107 2491 NA NA NA NA NA NA
1706738400.0 139901.0 NA 233 406 0 NA NA NA NA NA NA 322 553 0 NA NA NA NA NA NA 360 1521 344 NA NA NA NA NA NA 709 2099 374 NA NA NA NA NA
1706738400.0 139902.0 NA 237 419 0 NA NA NA NA NA NA 323 575 0 NA NA NA NA NA NA 360 1641 348 NA NA NA NA NA NA 719 2411 417 NA NA NA NA NA
1706738400.0 13992501.0 NA 432 643 0 NA NA NA NA NA NA 575 876 0 NA NA NA NA NA NA 1613 2887 388 NA NA NA NA NA NA 1042 2781 726 NA NA NA NA NA
1706738400.0 13992502.0 NA 427 655 0 NA NA NA NA NA NA 564 877 0 NA NA NA NA NA NA 1559 2906 377 NA NA NA NA NA NA 1062 2742 641 NA NA NA NA NA
1706738400.0 14.0 NA 210 394 0 NA NA NA NA NA NA 313 559 0 NA NA NA NA NA NA 1300 3669 396 NA NA NA NA NA NA 738 2069 475 NA NA NA NA NA
1706738400.0 140.0 154 182 265 0 NA NA NA NA NA 245 254 397 0 NA NA NA NA NA 1527 228 641 189 NA NA NA NA NA 1799 388 952 209 NA NA NA NA NA
1706738400.0 140.001 NA 191 488 0 NA NA NA NA NA NA 272 671 0 NA NA NA NA NA NA 277 1983 281 NA NA NA NA NA NA 361 1957 386 NA NA NA NA NA
1706738400.0 140.002 NA 197 494 0 NA NA NA NA NA NA 282 677 0 NA NA NA NA NA NA 476 2591 286 NA NA NA NA NA NA 440 2192 369 NA NA NA NA NA
1706738400.0 140.003 NA 192 503 0 NA NA NA NA NA NA 280 709 0 NA NA NA NA NA NA 281 1896 293 NA NA NA NA NA NA 524 1824 503 NA NA NA NA NA
1706738400.0 140.004 NA 0 0 0 NA NA NA NA NA NA 0 0 0 NA NA NA NA NA NA 134 1863 455 NA NA NA NA NA NA 285 2302 507 NA NA NA NA NA
1706738400.0 140.005 NA 195 492 0 NA NA NA NA NA NA 273 704 0 NA NA NA NA NA NA 282 2103 276 NA NA NA NA NA NA 316 1996 306 NA NA NA NA NA
1706738400.0 140.006 NA 0 0 0 NA NA NA NA NA NA 0 0 0 NA NA NA NA NA NA 138 1837 455 NA NA NA NA NA NA 265 2417 495 NA NA NA NA NA
1706738400.0 140.007 NA 180 488 0 NA NA NA NA NA NA 259 674 0 NA NA NA NA NA NA 201 2266 467 NA NA NA NA NA NA 392 2363 519 NA NA NA NA NA
1706738400.0 140.008 NA 167 470 0 NA NA NA NA NA NA 243 660 0 NA NA NA NA NA NA 147 2180 482 NA NA NA NA NA NA 207 2909 648 NA NA NA NA NA
1706738400.0 140.009 NA 0 0 0 NA NA NA NA NA NA 0 0 0 NA NA NA NA NA NA 133 1849 467 NA NA NA NA NA NA 236 2296 510 NA NA NA NA NA
1706738400.0 140.01 NA 192 500 0 NA NA NA NA NA NA 288 693 0 NA NA NA NA NA NA 644 3362 316 NA NA NA NA NA NA 713 2711 354 NA NA NA NA NA
1706738400.0 140.011 NA 0 0 0 NA NA NA NA NA NA 0 0 0 NA NA NA NA NA NA 135 1937 483 NA NA NA NA NA NA 177 2580 577 NA NA NA NA NA
1706738400.0 140.021 NA 0 0 0 NA NA NA NA NA NA 0 0 0 NA NA NA NA NA NA 137 1888 476 NA NA NA NA NA NA 236 2568 504 NA NA NA NA NA
1706738400.0 140.022 NA 191 558 0 NA NA NA NA NA NA 283 783 0 NA NA NA NA NA NA 460 8353 297 NA NA NA NA NA NA 438 3266 339 NA NA NA NA NA
1706738400.0 140.023 NA 186 564 0 NA NA NA NA NA NA 274 783 0 NA NA NA NA NA NA 364 5507 283 NA NA NA NA NA NA 452 2503 306 NA NA NA NA NA
1706738400.0 140.024 NA 188 526 0 NA NA NA NA NA NA 279 792 0 NA NA NA NA NA NA 473 10578 295 NA NA NA NA NA NA 509 4517 326 NA NA NA NA NA
1706738400.0 140.025 NA 189 561 0 NA NA NA NA NA NA 278 804 0 NA NA NA NA NA NA 454 10784 301 NA NA NA NA NA NA 417 4748 358 NA NA NA NA NA
1706738400.0 140.026 NA 192 579 0 NA NA NA NA NA NA 277 805 0 NA NA NA NA NA NA 465 11310 292 NA NA NA NA NA NA 673 4528 332 NA NA NA NA NA
1706738400.0 140.027 NA 189 560 0 NA NA NA NA NA NA 274 791 0 NA NA NA NA NA NA 445 9518 293 NA NA NA NA NA NA 536 3542 340 NA NA NA NA NA
1706738400.0 140.028 NA 188 552 0 NA NA NA NA NA NA 264 784 0 NA NA NA NA NA NA 437 9183 301 NA NA NA NA NA NA 437 3485 352 NA NA NA NA NA
1706738400.0 140.029 NA 188 558 0 NA NA NA NA NA NA 274 759 0 NA NA NA NA NA NA 434 9310 299 NA NA NA NA NA NA 409 3501 341 NA NA NA NA NA
1706738400.0 140.03 NA 190 556 0 NA NA NA NA NA NA 268 774 0 NA NA NA NA NA NA 481 8252 316 NA NA NA NA NA NA 517 3236 515 NA NA NA NA NA
1706738400.0 140.031 NA 191 558 0 NA NA NA NA NA NA 272 772 0 NA NA NA NA NA NA 509 9461 295 NA NA NA NA NA NA 467 3450 329 NA NA NA NA NA
1706738400.0 140.042 NA 187 582 0 NA NA NA NA NA NA 276 824 0 NA NA NA NA NA NA 489 11143 325 NA NA NA NA NA NA 510 4157 776 NA NA NA NA NA
1706738400.0 140.043 NA 191 573 0 NA NA NA NA NA NA 269 804 0 NA NA NA NA NA NA 369 6442 294 NA NA NA NA NA NA 349 2754 320 NA NA NA NA NA
1706738400.0 140.044 NA 187 583 0 NA NA NA NA NA NA 282 812 0 NA NA NA NA NA NA 503 12533 316 NA NA NA NA NA NA 530 5683 595 NA NA NA NA NA
1706738400.0 140.045 NA 189 582 0 NA NA NA NA NA NA 265 838 0 NA NA NA NA NA NA 504 12858 295 NA NA NA NA NA NA 536 4865 403 NA NA NA NA NA
1706738400.0 140.046 NA 188 574 0 NA NA NA NA NA NA 266 818 0 NA NA NA NA NA NA 536 14067 309 NA NA NA NA NA NA 376 4862 408 NA NA NA NA NA
1706738400.0 140.047 NA 187 583 0 NA NA NA NA NA NA 271 819 0 NA NA NA NA NA NA 477 12382 294 NA NA NA NA NA NA 623 4264 353 NA NA NA NA NA
1706738400.0 140.048 NA 185 568 0 NA NA NA NA NA NA 270 820 0 NA NA NA NA NA NA 461 11765 301 NA NA NA NA NA NA 609 4867 444 NA NA NA NA NA
1706738400.0 140.049 NA 188 572 0 NA NA NA NA NA NA 267 818 0 NA NA NA NA NA NA 502 11319 296 NA NA NA NA NA NA 779 4455 379 NA NA NA NA NA
1706738400.0 140.05 NA 190 566 0 NA NA NA NA NA NA 279 806 0 NA NA NA NA NA NA 507 11274 325 NA NA NA NA NA NA 343 4858 625 NA NA NA NA NA
1706738400.0 140.051 NA 188 572 0 NA NA NA NA NA NA 267 808 0 NA NA NA NA NA NA 500 10917 305 NA NA NA NA NA NA 506 4184 514 NA NA NA NA NA
1706738400.0 140.062 NA 189 572 0 NA NA NA NA NA NA 263 818 0 NA NA NA NA NA NA 553 12616 300 NA NA NA NA NA NA 477 4527 505 NA NA NA NA NA
1706738400.0 140.063 NA 188 576 0 NA NA NA NA NA NA 272 809 0 NA NA NA NA NA NA 437 8414 325 NA NA NA NA NA NA 529 3172 512 NA NA NA NA NA
1706738400.0 140.064 NA 190 583 0 NA NA NA NA NA NA 272 863 0 NA NA NA NA NA NA 554 13655 310 NA NA NA NA NA NA 764 4712 432 NA NA NA NA NA
1706738400.0 140.065 NA 189 577 0 NA NA NA NA NA NA 262 844 0 NA NA NA NA NA NA 529 13904 286 NA NA NA NA NA NA 432 4883 310 NA NA NA NA NA
1706738400.0 140.066 NA 189 592 0 NA NA NA NA NA NA 274 887 0 NA NA NA NA NA NA 559 16792 308 NA NA NA NA NA NA 394 5639 504 NA NA NA NA NA
1706738400.0 140.067 NA 187 576 0 NA NA NA NA NA NA 262 809 0 NA NA NA NA NA NA 503 13269 296 NA NA NA NA NA NA 366 4739 344 NA NA NA NA NA
1706738400.0 140.068 NA 187 582 0 NA NA NA NA NA NA 269 862 0 NA NA NA NA NA NA 503 13151 286 NA NA NA NA NA NA 428 4597 309 NA NA NA NA NA
1706738400.0 140.069 NA 190 576 0 NA NA NA NA NA NA 271 831 0 NA NA NA NA NA NA 555 12558 290 NA NA NA NA NA NA 623 4348 322 NA NA NA NA NA
1706738400.0 140.071 NA 191 551 0 NA NA NA NA NA NA 280 769 0 NA NA NA NA NA NA 477 7669 301 NA NA NA NA NA NA 448 2978 362 NA NA NA NA NA
1706738400.0 140.072 NA 189 566 0 NA NA NA NA NA NA 264 793 0 NA NA NA NA NA NA 362 5583 298 NA NA NA NA NA NA 342 2476 360 NA NA NA NA NA
1706738400.0 140.073 NA 190 554 0 NA NA NA NA NA NA 274 749 0 NA NA NA NA NA NA 510 8881 302 NA NA NA NA NA NA 365 3307 354 NA NA NA NA NA
1706738400.0 140.074 NA 190 557 0 NA NA NA NA NA NA 277 788 0 NA NA NA NA NA NA 443 9118 304 NA NA NA NA NA NA 522 3337 370 NA NA NA NA NA
1706738400.0 140.075 NA 190 555 0 NA NA NA NA NA NA 277 785 0 NA NA NA NA NA NA 460 9426 283 NA NA NA NA NA NA 516 3435 305 NA NA NA NA NA
1706738400.0 140.076 NA 191 551 0 NA NA NA NA NA NA 278 776 0 NA NA NA NA NA NA 424 8233 310 NA NA NA NA NA NA 566 3148 453 NA NA NA NA NA
1706738400.0 140.077 NA 191 549 0 NA NA NA NA NA NA 268 781 0 NA NA NA NA NA NA 413 7552 312 NA NA NA NA NA NA 477 3063 533 NA NA NA NA NA
1706738400.0 140.078 NA 191 547 0 NA NA NA NA NA NA 278 771 0 NA NA NA NA NA NA 470 8240 316 NA NA NA NA NA NA 444 3309 529 NA NA NA NA NA
1706738400.0 140.101 NA 188 622 0 NA NA NA NA NA NA 268 852 0 NA NA NA NA NA NA 418 8567 296 NA NA NA NA NA NA 345 3542 334 NA NA NA NA NA
1706738400.0 140.102 NA 188 582 0 NA NA NA NA NA NA 279 891 0 NA NA NA NA NA NA 556 13455 285 NA NA NA NA NA NA 591 5124 309 NA NA NA NA NA
1706738400.0 140.103 NA 189 632 0 NA NA NA NA NA NA 258 906 0 NA NA NA NA NA NA 527 14307 291 NA NA NA NA NA NA 516 5186 322 NA NA NA NA NA
1706738400.0 140.104 NA 189 617 0 NA NA NA NA NA NA 272 916 0 NA NA NA NA NA NA 565 16645 305 NA NA NA NA NA NA 371 5604 383 NA NA NA NA NA
1706738400.0 140.105 NA 186 618 0 NA NA NA NA NA NA 261 882 0 NA NA NA NA NA NA 524 13346 312 NA NA NA NA NA NA 949 4728 411 NA NA NA NA NA
1706738400.0 140.106 NA 185 571 0 NA NA NA NA NA NA 271 852 0 NA NA NA NA NA NA 533 13054 299 NA NA NA NA NA NA 429 5254 417 NA NA NA NA NA
1706738400.0 140.107 NA 190 593 0 NA NA NA NA NA NA 268 888 0 NA NA NA NA NA NA 546 12741 293 NA NA NA NA NA NA 429 5014 379 NA NA NA NA NA
1706738400.0 140.108 NA 188 580 0 NA NA NA NA NA NA 276 891 0 NA NA NA NA NA NA 547 12382 314 NA NA NA NA NA NA 464 4696 363 NA NA NA NA NA
1706738400.0 140.109 NA 190 569 0 NA NA NA NA NA NA 272 806 0 NA NA NA NA NA NA 431 5655 291 NA NA NA NA NA NA 402 2664 343 NA NA NA NA NA
1706738400.0 140.11 NA 187 573 0 NA NA NA NA NA NA 266 850 0 NA NA NA NA NA NA 549 11696 296 NA NA NA NA NA NA 491 4246 388 NA NA NA NA NA
1706738400.0 140.111 NA 187 573 0 NA NA NA NA NA NA 263 867 0 NA NA NA NA NA NA 547 12559 296 NA NA NA NA NA NA 954 4855 405 NA NA NA NA NA
1706738400.0 140.112 NA 172 579 0 NA NA NA NA NA NA 267 904 0 NA NA NA NA NA NA 543 12824 298 NA NA NA NA NA NA 505 4731 469 NA NA NA NA NA
1706738400.0 140.113 NA 0 0 0 NA NA NA NA NA NA 0 0 0 NA NA NA NA NA NA 146 1487 831 NA NA NA NA NA NA 322 1765 951 NA NA NA NA NA
1706738400.0 140.201 NA 249 NA NA NA NA NA NA NA NA 347 NA NA NA NA NA NA NA NA 1340 NA NA NA NA NA NA NA NA 738 NA NA NA NA NA NA NA
1706738400.0 140.202 NA 253 NA NA NA NA NA NA NA NA 382 NA NA NA NA NA NA NA NA 1969 NA NA NA NA NA NA NA NA 2176 NA NA NA NA NA NA NA
1706738400.0 140.51 NA 92 269 0 NA NA NA NA NA NA 148 412 0 NA NA NA NA NA NA 358 1211 232 NA NA NA NA NA NA 1005 1515 578 NA NA NA NA NA
1706738400.0 140.52 NA 310 277 0 NA NA NA NA NA NA 468 411 0 NA NA NA NA NA NA 1436 1172 239 NA NA NA NA NA NA 1247 991 666 NA NA NA NA NA
1706738400.0 140.53 NA 372 0 NA NA NA NA NA NA NA 499 0 NA NA NA NA NA NA NA 2346 221 NA NA NA NA NA NA NA 1106 283 NA NA NA NA NA NA
1706738400.0 140.54 NA 379 0 NA NA NA NA NA NA NA 656 0 NA NA NA NA NA NA NA 1736 249 NA NA NA NA NA NA NA 1438 373 NA NA NA NA NA NA
1706738400.0 140.55 NA 145 119 493 0 NA NA NA NA NA 261 214 712 0 NA NA NA NA NA 3404 5204 10277 227 NA NA NA NA NA 2733 2888 3263 266 NA NA NA NA
1706738400.0 140.56 NA 850 0 NA NA NA NA NA NA NA 1330 0 NA NA NA NA NA NA NA 11554 302 NA NA NA NA NA NA NA 4894 364 NA NA NA NA NA NA
1706738400.0 140.5611 NA 253 0 NA NA NA NA NA NA NA 356 0 NA NA NA NA NA NA NA 2002 150 NA NA NA NA NA NA NA 1251 182 NA NA NA NA NA NA
1706738400.0 140.57 NA 543 0 NA NA NA NA NA NA NA 770 0 NA NA NA NA NA NA NA 2022 293 NA NA NA NA NA NA NA 1715 343 NA NA NA NA NA NA
1706738400.0 140.58 NA 118 803 0 NA NA NA NA NA NA 187 1205 0 NA NA NA NA NA NA 160 10654 311 NA NA NA NA NA NA 404 3704 368 NA NA NA NA NA
1706738400.0 140.6 NA 100 412 0 NA NA NA NA NA NA 155 604 0 NA NA NA NA NA NA 100 819 272 NA NA NA NA NA NA 172 885 362 NA NA NA NA NA
1706738400.0 140.61 NA 381 0 NA NA NA NA NA NA NA 622 0 NA NA NA NA NA NA NA 1557 283 NA NA NA NA NA NA NA 1051 415 NA NA NA NA NA NA
1706738400.0 14034.0 NA 615 0 NA NA NA NA NA NA NA 818 0 NA NA NA NA NA NA NA 4562 292 NA NA NA NA NA NA NA 2191 393 NA NA NA NA NA NA
1706738400.0 141.001 NA 368 646 0 NA NA NA NA NA NA 563 942 0 NA NA NA NA NA NA 2793 14291 364 NA NA NA NA NA NA 1310 5324 457 NA NA NA NA NA
1706738400.0 141.002 NA 384 654 0 NA NA NA NA NA NA 538 875 0 NA NA NA NA NA NA 1703 7950 362 NA NA NA NA NA NA 1227 3610 550 NA NA NA NA NA
1706738400.0 141.003 NA 406 657 0 NA NA NA NA NA NA 573 928 0 NA NA NA NA NA NA 2588 13657 367 NA NA NA NA NA NA 1254 5184 499 NA NA NA NA NA
1706738400.0 141.004 NA 386 641 0 NA NA NA NA NA NA 536 845 0 NA NA NA NA NA NA 1204 4107 345 NA NA NA NA NA NA 1236 3319 399 NA NA NA NA NA
1706738400.0 141.005 NA 383 644 0 NA NA NA NA NA NA 541 857 0 NA NA NA NA NA NA 1892 7956 372 NA NA NA NA NA NA 1575 3606 391 NA NA NA NA NA
1706738400.0 141.006 NA 379 643 0 NA NA NA NA NA NA 526 907 0 NA NA NA NA NA NA 1714 8327 361 NA NA NA NA NA NA 1237 3734 423 NA NA NA NA NA
1706738400.0 141.007 NA 392 653 0 NA NA NA NA NA NA 536 881 0 NA NA NA NA NA NA 2075 9978 408 NA NA NA NA NA NA 1285 4179 497 NA NA NA NA NA
1706738400.0 141.008 NA 411 643 0 NA NA NA NA NA NA 569 985 0 NA NA NA NA NA NA 2657 16676 370 NA NA NA NA NA NA 1113 5983 498 NA NA NA NA NA
1706738400.0 141.008505 NA 411 183 0 NA NA NA NA NA NA 577 328 0 NA NA NA NA NA NA 2618 989 139 NA NA NA NA NA NA 1127 891 216 NA NA NA NA NA
1706738400.0 141.008511 NA 408 172 0 NA NA NA NA NA NA 571 259 0 NA NA NA NA NA NA 2684 560 148 NA NA NA NA NA NA 1179 535 218 NA NA NA NA NA
1706738400.0 141.008521 NA 408 170 0 NA NA NA NA NA NA 548 245 0 NA NA NA NA NA NA 2682 592 146 NA NA NA NA NA NA 1186 535 251 NA NA NA NA NA
1706738400.0 141.009 NA 0 0 0 NA NA NA NA NA NA 0 0 0 NA NA NA NA NA NA 868 3997 928 NA NA NA NA NA NA 746 4518 1084 NA NA NA NA NA
1706738400.0 141.01 NA 415 662 0 NA NA NA NA NA NA 549 954 0 NA NA NA NA NA NA 2557 15610 365 NA NA NA NA NA NA 1096 5488 524 NA NA NA NA NA
1706738400.0 141.011 NA 391 676 0 NA NA NA NA NA NA 565 914 0 NA NA NA NA NA NA 2515 13808 366 NA NA NA NA NA NA 1449 5499 423 NA NA NA NA NA
1706738400.0 141.012 NA 398 647 0 NA NA NA NA NA NA 551 908 0 NA NA NA NA NA NA 2032 9588 367 NA NA NA NA NA NA 1178 4597 456 NA NA NA NA NA
1706738400.0 141.013 NA 403 680 0 NA NA NA NA NA NA 588 926 0 NA NA NA NA NA NA 2771 14223 354 NA NA NA NA NA NA 1297 5536 389 NA NA NA NA NA
1706738400.0 141.031 NA 386 665 0 NA NA NA NA NA NA 543 976 0 NA NA NA NA NA NA 2857 15458 369 NA NA NA NA NA NA 1190 5610 531 NA NA NA NA NA
1706738400.0 141.032 NA 391 665 0 NA NA NA NA NA NA 529 924 0 NA NA NA NA NA NA 1901 9731 373 NA NA NA NA NA NA 1070 4007 440 NA NA NA NA NA
1706738400.0 141.033 NA 392 652 0 NA NA NA NA NA NA 577 978 0 NA NA NA NA NA NA 3144 16609 363 NA NA NA NA NA NA 1446 5833 451 NA NA NA NA NA
1706738400.0 141.034 NA 403 685 0 NA NA NA NA NA NA 548 971 0 NA NA NA NA NA NA 2807 16879 350 NA NA NA NA NA NA 1128 5924 381 NA NA NA NA NA
1706738400.0 141.035 NA 402 689 0 NA NA NA NA NA NA 579 990 0 NA NA NA NA NA NA 3073 17408 349 NA NA NA NA NA NA 1241 6627 374 NA NA NA NA NA
1706738400.0 141.036 NA 385 615 0 NA NA NA NA NA NA 545 829 0 NA NA NA NA NA NA 1469 5650 337 NA NA NA NA NA NA 1010 3583 358 NA NA NA NA NA
1706738400.0 141.037 NA 385 667 0 NA NA NA NA NA NA 590 962 0 NA NA NA NA NA NA 2477 14140 368 NA NA NA NA NA NA 1161 5286 398 NA NA NA NA NA
1706738400.0 141.038 NA 403 690 0 NA NA NA NA NA NA 580 962 0 NA NA NA NA NA NA 3018 15849 363 NA NA NA NA NA NA 1423 5600 427 NA NA NA NA NA
1706738400.0 141.039 NA 398 637 0 NA NA NA NA NA NA 562 956 0 NA NA NA NA NA NA 3072 16119 364 NA NA NA NA NA NA 1230 5738 483 NA NA NA NA NA
1706738400.0 141.041 NA 403 691 0 NA NA NA NA NA NA 582 999 0 NA NA NA NA NA NA 3358 20640 379 NA NA NA NA NA NA 1431 7070 500 NA NA NA NA NA
1706738400.0 141.042 NA 393 676 0 NA NA NA NA NA NA 541 934 0 NA NA NA NA NA NA 2066 12318 352 NA NA NA NA NA NA 1290 4918 406 NA NA NA NA NA
1706738400.0 141.043 NA 389 703 0 NA NA NA NA NA NA 593 1028 0 NA NA NA NA NA NA 3439 23629 357 NA NA NA NA NA NA 1619 7732 428 NA NA NA NA NA
1706738400.0 141.044 NA 385 699 0 NA NA NA NA NA NA 605 1007 0 NA NA NA NA NA NA 2966 20734 351 NA NA NA NA NA NA 1386 6978 423 NA NA NA NA NA
1706738400.0 141.045 NA 445 725 0 NA NA NA NA NA NA 628 1024 0 NA NA NA NA NA NA 3937 27102 359 NA NA NA NA NA NA 1563 8827 433 NA NA NA NA NA
1706738400.0 141.046 NA 403 685 0 NA NA NA NA NA NA 592 992 0 NA NA NA NA NA NA 3005 19971 353 NA NA NA NA NA NA 1227 6953 419 NA NA NA NA NA
1706738400.0 141.047 NA 410 657 0 NA NA NA NA NA NA 611 1012 0 NA NA NA NA NA NA 2946 22470 354 NA NA NA NA NA NA 1399 7530 395 NA NA NA NA NA
1706738400.0 141.048 NA 417 678 0 NA NA NA NA NA NA 595 940 0 NA NA NA NA NA NA 3523 22032 356 NA NA NA NA NA NA 1548 7453 396 NA NA NA NA NA
1706738400.0 141.049 NA 403 698 0 NA NA NA NA NA NA 585 928 0 NA NA NA NA NA NA 2969 15226 366 NA NA NA NA NA NA 1235 5962 440 NA NA NA NA NA
1706738400.0 141.101 NA 394 699 0 NA NA NA NA NA NA 531 975 0 NA NA NA NA NA NA 1905 10109 359 NA NA NA NA NA NA 1309 4630 545 NA NA NA NA NA
1706738400.0 141.102 NA 375 653 0 NA NA NA NA NA NA 562 973 0 NA NA NA NA NA NA 3111 16289 360 NA NA NA NA NA NA 1391 5909 437 NA NA NA NA NA
1706738400.0 141.103 NA 413 703 0 NA NA NA NA NA NA 577 1097 0 NA NA NA NA NA NA 2774 17193 367 NA NA NA NA NA NA 1143 6355 547 NA NA NA NA NA
1706738400.0 141.104 NA 391 701 0 NA NA NA NA NA NA 563 1196 0 NA NA NA NA NA NA 3175 17852 356 NA NA NA NA NA NA 1318 6611 381 NA NA NA NA NA
1706738400.0 141.105 NA 386 689 0 NA NA NA NA NA NA 533 929 0 NA NA NA NA NA NA 1465 5791 342 NA NA NA NA NA NA 878 3930 365 NA NA NA NA NA
1706738400.0 141.106 NA 412 668 0 NA NA NA NA NA NA 575 979 0 NA NA NA NA NA NA 2361 14028 376 NA NA NA NA NA NA 994 5613 450 NA NA NA NA NA
1706738400.0 141.107 NA 383 694 0 NA NA NA NA NA NA 564 1151 0 NA NA NA NA NA NA 2908 15302 344 NA NA NA NA NA NA 1164 5776 373 NA NA NA NA NA
1706738400.0 141.108 NA 404 690 0 NA NA NA NA NA NA 555 977 0 NA NA NA NA NA NA 3150 15695 350 NA NA NA NA NA NA 1275 6010 381 NA NA NA NA NA
1706738400.0 141.109 NA 393 681 0 NA NA NA NA NA NA 537 965 0 NA NA NA NA NA NA 1870 9431 368 NA NA NA NA NA NA 1233 4650 469 NA NA NA NA NA
1706738400.0 141.11 NA 382 659 0 NA NA NA NA NA NA 592 989 0 NA NA NA NA NA NA 3165 18259 360 NA NA NA NA NA NA 1946 6611 436 NA NA NA NA NA
1706738400.0 141.111 NA 365 665 0 NA NA NA NA NA NA 559 1000 0 NA NA NA NA NA NA 2554 16128 362 NA NA NA NA NA NA 1167 5834 483 NA NA NA NA NA
1706738400.0 141.112 NA 380 682 0 NA NA NA NA NA NA 590 1003 0 NA NA NA NA NA NA 2860 17518 368 NA NA NA NA NA NA 1599 6489 452 NA NA NA NA NA
1706738400.0 141.113 NA 0 0 0 NA NA NA NA NA NA 0 0 0 NA NA NA NA NA NA 749 1324 552 NA NA NA NA NA NA 608 1787 942 NA NA NA NA NA
1706738400.0 141.114 NA 381 654 0 NA NA NA NA NA NA 549 988 0 NA NA NA NA NA NA 3069 15955 347 NA NA NA NA NA NA 1224 5879 374 NA NA NA NA NA
1706738400.0 141.901 NA 478 0 NA NA NA NA NA NA NA 691 0 NA NA NA NA NA NA NA 5620 271 NA NA NA NA NA NA NA 2004 317 NA NA NA NA NA NA
1706738400.0 141.902 NA 411 0 NA NA NA NA NA NA NA 621 0 NA NA NA NA NA NA NA 4598 273 NA NA NA NA NA NA NA 1781 338 NA NA NA NA NA NA
1706738400.0 142.0 NA 469 898 0 NA NA NA NA NA NA 964 1393 0 NA NA NA NA NA NA 5720 22366 306 NA NA NA NA NA NA 1876 6932 491 NA NA NA NA NA
1706738400.0 14234.0 NA 790 0 NA NA NA NA NA NA NA 1071 0 NA NA NA NA NA NA NA 7418 283 NA NA NA NA NA NA NA 3118 395 NA NA NA NA NA NA
1706738400.0 144.6 NA 372 NA NA NA NA NA NA NA NA 502 NA NA NA NA NA NA NA NA 2408 NA NA NA NA NA NA NA NA 2176 NA NA NA NA NA NA NA
1706738400.0 145.0 151 182 265 0 NA NA NA NA NA 240 267 399 0 NA NA NA NA NA 1592 242 670 204 NA NA NA NA NA 1970 777 1102 276 NA NA NA NA NA
1706738400.0 148.0 201 358 648 0 NA NA NA NA NA 351 492 799 0 NA NA NA NA NA 12619 2368 12336 433 NA NA NA NA NA 13227 2692 5323 793 NA NA NA NA NA
1706738400.0 149.0 141 262 458 0 NA NA NA NA NA 224 346 647 0 NA NA NA NA NA 831 872 1488 412 NA NA NA NA NA 926 1262 2142 549 NA NA NA NA NA
1706738400.0 15.0 NA 187 350 0 NA NA NA NA NA NA 270 490 0 NA NA NA NA NA NA 1003 1642 324 NA NA NA NA NA NA 535 1339 369 NA NA NA NA NA
1706738400.0 150.0 146 227 362 0 NA NA NA NA NA 227 315 537 0 NA NA NA NA NA 1525 272 722 238 NA NA NA NA NA 1865 492 1077 262 NA NA NA NA NA
1706738400.0 158.0 145 226 478 119 0 NA NA NA NA 226 316 663 177 0 NA NA NA NA 1648 268 1392 211 424 NA NA NA NA 2030 386 1882 454 470 NA NA NA NA
1706738400.0 158.01 NA 208 0 NA NA NA NA NA NA NA 312 0 NA NA NA NA NA NA NA 1573 147 NA NA NA NA NA NA NA 1254 266 NA NA NA NA NA NA
1706738400.0 158.1 NA 272 485 0 NA NA NA NA NA NA 361 684 0 NA NA NA NA NA NA 372 1449 428 NA NA NA NA NA NA 402 1607 552 NA NA NA NA NA
1706738400.0 158.2 NA 266 493 0 NA NA NA NA NA NA 356 668 0 NA NA NA NA NA NA 368 1373 413 NA NA NA NA NA NA 788 1774 475 NA NA NA NA NA
1706738400.0 158.3 NA 269 492 0 NA NA NA NA NA NA 361 681 0 NA NA NA NA NA NA 369 1402 422 NA NA NA NA NA NA 426 2032 470 NA NA NA NA NA
1706738400.0 158.5 95 212 452 118 0 NA NA NA NA 214 300 645 182 0 NA NA NA NA 806 235 1323 215 413 NA NA NA NA 1371 344 1755 327 459 NA NA NA NA
1706738400.0 159.0 154 225 458 118 0 NA NA NA NA 230 312 657 182 0 NA NA NA NA 1740 261 1170 208 401 NA NA NA NA 1920 431 1459 324 503 NA NA NA NA
1706738400.0 159.01 NA 213 0 NA NA NA NA NA NA NA 301 0 NA NA NA NA NA NA NA 1377 145 NA NA NA NA NA NA NA 1124 180 NA NA NA NA NA NA
1706738400.0 159.02 153 223 123 454 118 0 NA NA NA 232 306 171 641 179 0 NA NA NA 1748 260 137 1176 205 400 NA NA NA 2043 424 408 1639 312 439 NA NA NA
1706738400.0 159.03 140 209 112 277 196 NA NA NA NA 218 292 157 440 261 NA NA NA NA 1067 236 138 481 414 NA NA NA NA 1429 375 428 713 539 NA NA NA NA
1706738400.0 159.1 156 263 476 0 NA NA NA NA NA 233 352 661 0 NA NA NA NA NA 2179 373 1385 424 NA NA NA NA NA 1208 232 1437 489 NA NA NA NA NA
1706738400.0 159.2 150 258 464 0 NA NA NA NA NA 226 348 644 0 NA NA NA NA NA 1639 371 1242 401 NA NA NA NA NA 1185 315 1441 427 NA NA NA NA NA
1706738400.0 159.3 152 259 473 0 NA NA NA NA NA 229 335 665 0 NA NA NA NA NA 1649 397 1316 431 NA NA NA NA NA 1199 642 1848 627 NA NA NA NA NA
1706738400.0 159.4 154 258 467 0 NA NA NA NA NA 242 354 690 0 NA NA NA NA NA 1873 384 1285 402 NA NA NA NA NA 1418 440 1522 448 NA NA NA NA NA
1706738400.0 16.0 NA 198 368 0 NA NA NA NA NA NA 281 513 0 NA NA NA NA NA NA 1019 1949 330 NA NA NA NA NA NA 488 1666 371 NA NA NA NA NA
1706738400.0 160.0 148 227 452 119 0 NA NA NA NA 222 319 640 178 0 NA NA NA NA 1339 312 1171 222 414 NA NA NA NA 1543 509 1530 367 460 NA NA NA NA
1706738400.0 160.02 146 225 117 458 118 0 NA NA NA 224 307 164 642 184 0 NA NA NA 1292 298 136 1117 207 387 NA NA NA 1730 581 680 1353 339 441 NA NA NA
1706738400.0 160.03 216 329 192 330 209 NA NA NA NA 330 466 279 527 281 NA NA NA NA 8687 1114 198 864 501 NA NA NA NA 8643 1060 263 1060 494 NA NA NA NA
1706738400.0 160.1 113 281 478 0 NA NA NA NA NA 229 374 677 0 NA NA NA NA NA 1801 658 1301 418 NA NA NA NA NA 1260 613 1387 481 NA NA NA NA NA
1706738400.0 160.2 151 278 484 0 NA NA NA NA NA 230 378 686 0 NA NA NA NA NA 1457 609 1217 411 NA NA NA NA NA 1195 359 1636 568 NA NA NA NA NA
1706738400.0 160.3 151 282 485 0 NA NA NA NA NA 226 385 671 0 NA NA NA NA NA 1229 599 1207 415 NA NA NA NA NA 1147 481 1282 566 NA NA NA NA NA
1706738400.0 160.4 151 282 480 0 NA NA NA NA NA 225 376 667 0 NA NA NA NA NA 1429 598 1202 418 NA NA NA NA NA 1112 292 1094 1164 NA NA NA NA NA
1706738400.0 160.501 173 334 201 623 199 NA NA NA NA 332 458 282 905 267 NA NA NA NA 9136 1291 191 12223 500 NA NA NA NA 8979 1254 289 8318 507 NA NA NA NA
1706738400.0 17.0 NA 196 358 0 NA NA NA NA NA NA 276 532 0 NA NA NA NA NA NA 987 1728 321 NA NA NA NA NA NA 420 1383 395 NA NA NA NA NA
1706738400.0 18.0 NA 184 349 0 NA NA NA NA NA NA 271 492 0 NA NA NA NA NA NA 984 1567 310 NA NA NA NA NA NA 415 1328 335 NA NA NA NA NA
1706738400.0 19.0 NA 184 349 0 NA NA NA NA NA NA 270 489 0 NA NA NA NA NA NA 984 1632 310 NA NA NA NA NA NA 423 1326 340 NA NA NA NA NA
1706738400.0 2.0 166 184 301 NA NA NA NA NA NA 291 260 419 NA NA NA NA NA NA 2121 338 1038 NA NA NA NA NA NA 992 319 952 NA NA NA NA NA NA
1706738400.0 20.0 NA 186 351 0 NA NA NA NA NA NA 280 490 0 NA NA NA NA NA NA 1014 1825 360 NA NA NA NA NA NA 430 1846 395 NA NA NA NA NA
1706738400.0 200.0 NA 255 428 0 NA NA NA NA NA NA 346 576 0 NA NA NA NA NA NA 519 1801 350 NA NA NA NA NA NA 763 2124 454 NA NA NA NA NA
1706738400.0 20034.0 175 521 526 0 213 NA NA NA NA 263 683 755 0 310 NA NA NA NA 4123 1393 2198 509 596 NA NA NA NA 1943 829 1709 705 645 NA NA NA NA
1706738400.0 2017.1 493 0 203 166 NA NA NA NA NA 634 0 284 254 NA NA NA NA NA 879 253 572 399 NA NA NA NA NA 1137 491 654 577 NA NA NA NA NA
1706738400.0 2017.11 496 0 204 168 NA NA NA NA NA 645 0 285 253 NA NA NA NA NA 1018 247 675 407 NA NA NA NA NA 1103 338 1055 958 NA NA NA NA NA
1706738400.0 2017.12 489 0 200 164 NA NA NA NA NA 645 0 278 248 NA NA NA NA NA 847 240 579 388 NA NA NA NA NA 965 319 1017 603 NA NA NA NA NA
1706738400.0 2017.13 471 0 NA NA NA NA NA NA NA 644 0 NA NA NA NA NA NA NA 877 368 NA NA NA NA NA NA NA 1008 570 NA NA NA NA NA NA NA
1706738400.0 2017.2 411 0 193 160 NA NA NA NA NA 559 0 270 243 NA NA NA NA NA 756 221 551 356 NA NA NA NA NA 963 310 707 479 NA NA NA NA NA
1706738400.0 2017.3 424 0 192 162 NA NA NA NA NA 562 0 279 246 NA NA NA NA NA 768 216 547 375 NA NA NA NA NA 1104 321 953 405 NA NA NA NA NA
1706738400.0 2017.4 494 0 198 165 NA NA NA NA NA 618 0 290 247 NA NA NA NA NA 824 233 544 366 NA NA NA NA NA 966 295 580 390 NA NA NA NA NA
1706738400.0 2017.5 493 0 203 165 NA NA NA NA NA 624 0 282 254 NA NA NA NA NA 824 238 568 385 NA NA NA NA NA 991 334 757 421 NA NA NA NA NA
1706738400.0 2017.6 492 0 201 150 NA NA NA NA NA 636 0 295 251 NA NA NA NA NA 881 243 569 417 NA NA NA NA NA 1082 366 663 962 NA NA NA NA NA
1706738400.0 2017.7 490 0 197 164 NA NA NA NA NA 614 0 283 249 NA NA NA NA NA 836 241 546 387 NA NA NA NA NA 1222 300 564 827 NA NA NA NA NA
1706738400.0 2017.8 212 NA NA NA NA NA NA NA NA 329 NA NA NA NA NA NA NA NA 662 NA NA NA NA NA NA NA NA 707 NA NA NA NA NA NA NA NA
1706738400.0 2017.9 490 0 197 163 NA NA NA NA NA 648 0 284 248 NA NA NA NA NA 796 233 542 363 NA NA NA NA NA 1067 338 720 640 NA NA NA NA NA
1706738400.0 2018.1 494 0 200 171 NA NA NA NA NA 651 0 277 263 NA NA NA NA NA 916 257 569 401 NA NA NA NA NA 982 627 657 767 NA NA NA NA NA
1706738400.0 2018.11 499 0 203 170 NA NA NA NA NA 640 0 291 251 NA NA NA NA NA 1051 246 690 423 NA NA NA NA NA 1151 294 944 533 NA NA NA NA NA
1706738400.0 2018.12 490 0 200 169 NA NA NA NA NA 634 0 289 258 NA NA NA NA NA 856 230 560 392 NA NA NA NA NA 918 261 643 443 NA NA NA NA NA
1706738400.0 2018.13 489 0 NA NA NA NA NA NA NA 634 0 NA NA NA NA NA NA NA 907 349 NA NA NA NA NA NA NA 1378 466 NA NA NA NA NA NA NA
1706738400.0 2018.2 416 0 195 166 NA NA NA NA NA 545 0 274 251 NA NA NA NA NA 782 220 534 367 NA NA NA NA NA 1148 319 637 604 NA NA NA NA NA
1706738400.0 2018.3 419 0 190 166 NA NA NA NA NA 555 0 266 249 NA NA NA NA NA 785 221 532 390 NA NA NA NA NA 1177 317 734 523 NA NA NA NA NA
1706738400.0 2018.4 490 0 198 167 NA NA NA NA NA 650 0 291 258 NA NA NA NA NA 871 239 580 392 NA NA NA NA NA 953 362 1043 417 NA NA NA NA NA
1706738400.0 2018.5 488 0 202 123 NA NA NA NA NA 644 0 279 253 NA NA NA NA NA 837 242 550 404 NA NA NA NA NA 981 408 657 1014 NA NA NA NA NA
1706738400.0 2018.6 492 0 198 169 NA NA NA NA NA 636 0 279 257 NA NA NA NA NA 885 236 572 401 NA NA NA NA NA 939 306 785 579 NA NA NA NA NA
1706738400.0 2018.7 489 0 196 169 NA NA NA NA NA 626 0 282 254 NA NA NA NA NA 854 239 553 381 NA NA NA NA NA 1272 351 672 391 NA NA NA NA NA
1706738400.0 2018.8 215 NA NA NA NA NA NA NA NA 318 NA NA NA NA NA NA NA NA 668 NA NA NA NA NA NA NA NA 881 NA NA NA NA NA NA NA NA
1706738400.0 2018.9 496 0 195 167 NA NA NA NA NA 655 0 276 251 NA NA NA NA NA 805 235 548 375 NA NA NA NA NA 1189 312 1117 394 NA NA NA NA NA
1706738400.0 202.0 NA 249 436 0 NA NA NA NA NA NA 370 596 0 NA NA NA NA NA NA 600 1927 388 NA NA NA NA NA NA 990 2271 442 NA NA NA NA NA
1706738400.0 203.0 NA 258 450 0 NA NA NA NA NA NA 372 618 0 NA NA NA NA NA NA 663 2067 387 NA NA NA NA NA NA 981 2294 706 NA NA NA NA NA
1706738400.0 204.0 174 254 431 0 NA NA NA NA NA 281 356 581 0 NA NA NA NA NA 1528 570 1847 361 NA NA NA NA NA 2507 1078 1983 525 NA NA NA NA NA
1706738400.0 205.0 NA 252 429 0 NA NA NA NA NA NA 359 583 0 NA NA NA NA NA NA 597 1938 368 NA NA NA NA NA NA 962 2307 455 NA NA NA NA NA
1706738400.0 20834.0 NA 618 570 0 222 NA NA NA NA NA 779 753 0 310 NA NA NA NA NA 1614 2523 504 685 NA NA NA NA NA 1449 2508 753 778 NA NA NA NA
1706738400.0 21.0 NA 184 355 0 NA NA NA NA NA NA 272 499 0 NA NA NA NA NA NA 1044 1896 361 NA NA NA NA NA NA 546 1387 389 NA NA NA NA NA
1706738400.0 22.0 NA 199 361 0 NA NA NA NA NA NA 278 532 0 NA NA NA NA NA NA 1091 2115 356 NA NA NA NA NA NA 449 1579 407 NA NA NA NA NA
1706738400.0 22034.0 177 548 566 0 214 NA NA NA NA 263 682 724 0 316 NA NA NA NA 4040 1323 2256 481 618 NA NA NA NA 2037 898 2050 531 1092 NA NA NA NA
1706738400.0 22434.0 189 503 541 0 211 NA NA NA NA 272 674 746 0 304 NA NA NA NA 4113 1336 2309 520 622 NA NA NA NA 1956 750 2450 691 688 NA NA NA NA
1706738400.0 22834.0 142 541 552 0 213 NA NA NA NA 265 675 697 0 309 NA NA NA NA 3664 1220 2167 431 568 NA NA NA NA 1807 927 2492 580 822 NA NA NA NA
1706738400.0 23.0 NA 178 386 0 NA NA NA NA NA NA 310 534 0 NA NA NA NA NA NA 1228 2347 413 NA NA NA NA NA NA 572 1679 451 NA NA NA NA NA
1706738400.0 23234.0 187 563 557 0 213 NA NA NA NA 277 693 706 0 316 NA NA NA NA 4989 1461 2302 531 648 NA NA NA NA 2213 1028 2422 822 824 NA NA NA NA
1706738400.0 23634.0 NA 620 569 0 225 NA NA NA NA NA 789 757 0 309 NA NA NA NA NA 1598 2303 493 691 NA NA NA NA NA 1515 2256 618 951 NA NA NA NA
1706738400.0 24.0 NA 213 391 0 NA NA NA NA NA NA 319 548 0 NA NA NA NA NA NA 1376 3196 430 NA NA NA NA NA NA 1254 2803 512 NA NA NA NA NA
1706738400.0 24034.0 NA 550 551 0 221 NA NA NA NA NA 706 710 0 316 NA NA NA NA NA 1363 2247 505 678 NA NA NA NA NA 1015 2398 634 743 NA NA NA NA
1706738400.0 24434.0 178 543 565 0 212 NA NA NA NA 267 666 766 0 301 NA NA NA NA 3952 1361 2201 486 626 NA NA NA NA 1876 898 1906 571 1335 NA NA NA NA
1706738400.0 24834.0 NA 600 583 0 224 NA NA NA NA NA 800 736 0 310 NA NA NA NA NA 1635 2370 505 697 NA NA NA NA NA 1377 2652 725 879 NA NA NA NA
1706738400.0 24834.103 NA 628 584 0 225 NA NA NA NA NA 789 731 0 306 NA NA NA NA NA 2203 2578 520 694 NA NA NA NA NA 1311 2526 912 945 NA NA NA NA
1706738400.0 24834.21 NA 428 322 245 NA NA NA NA NA NA 635 449 341 NA NA NA NA NA NA 1375 880 769 NA NA NA NA NA NA 759 713 688 NA NA NA NA NA
1706738400.0 24834.5 NA 613 221 0 NA NA NA NA NA NA 789 313 0 NA NA NA NA NA NA 1719 653 180 NA NA NA NA NA NA 1077 733 397 NA NA NA NA NA
1706738400.0 24834.501 NA 608 321 0 NA NA NA NA NA NA 790 739 0 NA NA NA NA NA NA 1716 839 202 NA NA NA NA NA NA 1166 783 238 NA NA NA NA NA
1706738400.0 24834.502 NA 602 338 0 NA NA NA NA NA NA 758 760 0 NA NA NA NA NA NA 1762 816 218 NA NA NA NA NA NA 1459 815 380 NA NA NA NA NA
1706738400.0 24834.9 NA 624 577 0 228 NA NA NA NA NA 779 748 0 315 NA NA NA NA NA 1639 2380 504 697 NA NA NA NA NA 1335 2418 594 768 NA NA NA NA
1706738400.0 24834.911 182 601 548 0 204 NA NA NA NA 268 776 744 0 300 NA NA NA NA 8408 4943 5335 1444 652 NA NA NA NA 4480 3079 3336 1591 970 NA NA NA NA
1706738400.0 24861.0 NA 586 513 0 211 NA NA NA NA NA 770 654 0 300 NA NA NA NA NA 1423 1821 440 600 NA NA NA NA NA 1384 2318 534 658 NA NA NA NA
1706738400.0 24896.0 NA 591 520 0 210 NA NA NA NA NA 756 670 0 295 NA NA NA NA NA 1467 1843 445 625 NA NA NA NA NA 1280 2285 724 933 NA NA NA NA
1706738400.0 24900.0 NA 591 521 0 210 NA NA NA NA NA 758 660 0 295 NA NA NA NA NA 1439 1784 432 596 NA NA NA NA NA 1751 2163 486 610 NA NA NA NA
1706738400.0 25.0 NA 213 386 0 136 NA NA NA NA NA 310 572 0 202 NA NA NA NA NA 1434 3567 438 271 NA NA NA NA NA 927 2093 664 336 NA NA NA NA
1706738400.0 2500.0 NA 206 0 NA NA NA NA NA NA NA 339 0 NA NA NA NA NA NA NA 19409 132 NA NA NA NA NA NA NA 6130 174 NA NA NA NA NA NA
1706738400.0 2500.001 NA 281 0 NA NA NA NA NA NA NA 519 0 NA NA NA NA NA NA NA 21665 129 NA NA NA NA NA NA NA 6467 232 NA NA NA NA NA NA
1706738400.0 2500.002 NA 285 0 NA NA NA NA NA NA NA 470 0 NA NA NA NA NA NA NA 21042 133 NA NA NA NA NA NA NA 7445 188 NA NA NA NA NA NA
1706738400.0 2500.01 NA 253 0 NA NA NA NA NA NA NA 368 0 NA NA NA NA NA NA NA 10916 132 NA NA NA NA NA NA NA 5723 188 NA NA NA NA NA NA
1706738400.0 2500.011 NA 266 0 NA NA NA NA NA NA NA 399 0 NA NA NA NA NA NA NA 19412 132 NA NA NA NA NA NA NA 6610 261 NA NA NA NA NA NA
1706738400.0 2500.012 NA 258 0 NA NA NA NA NA NA NA 370 0 NA NA NA NA NA NA NA 13871 132 NA NA NA NA NA NA NA 6211 266 NA NA NA NA NA NA
1706738400.0 2500.1 NA 217 0 NA NA NA NA NA NA NA 338 0 NA NA NA NA NA NA NA 19436 131 NA NA NA NA NA NA NA 7228 182 NA NA NA NA NA NA
1706738400.0 2500.2 NA 209 0 NA NA NA NA NA NA NA 320 0 NA NA NA NA NA NA NA 16994 135 NA NA NA NA NA NA NA 7406 203 NA NA NA NA NA NA
1706738400.0 2500.21 NA 242 0 NA NA NA NA NA NA NA 408 0 NA NA NA NA NA NA NA 23609 131 NA NA NA NA NA NA NA 7890 227 NA NA NA NA NA NA
1706738400.0 2500.211 NA 248 0 NA NA NA NA NA NA NA 330 0 NA NA NA NA NA NA NA 2899 126 NA NA NA NA NA NA NA 1261 158 NA NA NA NA NA NA
1706738400.0 2500.3 NA 198 0 NA NA NA NA NA NA NA 314 0 NA NA NA NA NA NA NA 8514 134 NA NA NA NA NA NA NA 3659 228 NA NA NA NA NA NA
1706738400.0 2500.31 NA 252 0 NA NA NA NA NA NA NA 430 0 NA NA NA NA NA NA NA 5323 135 NA NA NA NA NA NA NA 2966 209 NA NA NA NA NA NA
1706738400.0 2500.311 NA 247 0 NA NA NA NA NA NA NA 337 0 NA NA NA NA NA NA NA 1205 130 NA NA NA NA NA NA NA 1950 176 NA NA NA NA NA NA
1706738400.0 2500.312 NA 172 NA NA NA NA NA NA NA NA 255 NA NA NA NA NA NA NA NA 856 NA NA NA NA NA NA NA NA 724 NA NA NA NA NA NA NA
1706738400.0 2500.313 NA 104 NA NA NA NA NA NA NA NA 179 NA NA NA NA NA NA NA NA 283 NA NA NA NA NA NA NA NA 370 NA NA NA NA NA NA NA
1706738400.0 2500.4 NA 204 0 NA NA NA NA NA NA NA 317 0 NA NA NA NA NA NA NA 8588 134 NA NA NA NA NA NA NA 6073 252 NA NA NA NA NA NA
1706738400.0 2500.5 NA 132 NA NA NA NA NA NA NA NA 224 NA NA NA NA NA NA NA NA 238 NA NA NA NA NA NA NA NA 723 NA NA NA NA NA NA NA
1706738400.0 2500.51 131 NA NA NA NA NA NA NA NA 205 NA NA NA NA NA NA NA NA 302 NA NA NA NA NA NA NA NA 401 NA NA NA NA NA NA NA NA
1706738400.0 250199.0 392 NA NA NA NA NA NA NA NA 574 NA NA NA NA NA NA NA NA 1676 NA NA NA NA NA NA NA NA 938 NA NA NA NA NA NA NA NA
1706738400.0 250199.17 388 NA NA NA NA NA NA NA NA 563 NA NA NA NA NA NA NA NA 1755 NA NA NA NA NA NA NA NA 958 NA NA NA NA NA NA NA NA
1706738400.0 250199.18 425 NA NA NA NA NA NA NA NA 677 NA NA NA NA NA NA NA NA 2624 NA NA NA NA NA NA NA NA 1389 NA NA NA NA NA NA NA NA
1706738400.0 250200.0 NA 431 487 0 NA NA NA NA NA NA 616 670 0 NA NA NA NA NA NA 3922 2162 343 NA NA NA NA NA NA 1633 2075 400 NA NA NA NA NA
1706738400.0 250200.1 170 412 362 NA NA NA NA NA NA 275 550 491 NA NA NA NA NA NA 1549 607 1804 NA NA NA NA NA NA 1097 732 1581 NA NA NA NA NA NA
1706738400.0 250200.117 147 441 383 NA NA NA NA NA NA 232 657 518 NA NA NA NA NA NA 1668 2829 1391 NA NA NA NA NA NA 898 1053 1012 NA NA NA NA NA NA
1706738400.0 250200.118 143 542 416 172 NA NA NA NA NA 226 743 582 262 NA NA NA NA NA 1705 2854 1784 388 NA NA NA NA NA 1057 1061 1143 392 NA NA NA NA NA
1706738400.0 250200.17 NA 514 565 0 NA NA NA NA NA NA 692 753 0 NA NA NA NA NA NA 6423 2240 434 NA NA NA NA NA NA 2233 2068 845 NA NA NA NA NA
1706738400.0 250200.18 NA 541 605 0 NA NA NA NA NA NA 821 843 0 NA NA NA NA NA NA 7743 2570 440 NA NA NA NA NA NA 3326 2024 556 NA NA NA NA NA
1706738400.0 250200.182 148 567 635 0 NA NA NA NA NA 234 770 897 0 NA NA NA NA NA 1775 3031 2998 411 NA NA NA NA NA 1334 1156 1783 436 NA NA NA NA NA
1706738400.0 250202.0 NA 437 491 0 NA NA NA NA NA NA 641 665 0 NA NA NA NA NA NA 4228 2165 361 NA NA NA NA NA NA 2024 2081 635 NA NA NA NA NA
1706738400.0 250202.1 NA 394 419 500 0 NA NA NA NA NA 551 580 668 0 NA NA NA NA NA 1640 4114 2231 368 NA NA NA NA NA 1243 1306 1527 544 NA NA NA NA
1706738400.0 250202.118 144 550 421 175 NA NA NA NA NA 228 687 570 255 NA NA NA NA NA 1968 2903 1928 408 NA NA NA NA NA 953 1171 1153 432 NA NA NA NA NA
1706738400.0 250202.17 NA 518 587 0 NA NA NA NA NA NA 723 805 0 NA NA NA NA NA NA 6733 2524 443 NA NA NA NA NA NA 2224 2239 473 NA NA NA NA NA
1706738400.0 250202.171 NA 408 512 586 0 NA NA NA NA NA 569 713 822 0 NA NA NA NA NA 1771 6657 2526 454 NA NA NA NA NA 1318 1976 2523 527 NA NA NA NA
1706738400.0 250202.172 NA 528 571 0 NA NA NA NA NA NA 711 789 0 NA NA NA NA NA NA 6802 2346 444 NA NA NA NA NA NA 2452 1854 568 NA NA NA NA NA
1706738400.0 250202.18 NA 558 619 0 NA NA NA NA NA NA 804 850 0 NA NA NA NA NA NA 7971 2935 430 NA NA NA NA NA NA 2688 1883 451 NA NA NA NA NA
1706738400.0 250202.181 NA 425 571 613 0 NA NA NA NA NA 708 801 821 0 NA NA NA NA NA 2691 7861 2927 455 NA NA NA NA NA 1847 2537 1938 502 NA NA NA NA
1706738400.0 250202.182 147 550 652 0 NA NA NA NA NA 234 771 873 0 NA NA NA NA NA 2118 3142 3330 433 NA NA NA NA NA 1430 1286 2345 461 NA NA NA NA NA
1706738400.0 250202.183 148 551 625 0 NA NA NA NA NA 236 751 890 0 NA NA NA NA NA 2040 2951 3227 637 NA NA NA NA NA 1126 1131 2163 754 NA NA NA NA NA
1706738400.0 250202.184 NA 447 555 608 0 NA NA NA NA NA 639 777 854 0 NA NA NA NA NA 2524 8614 2985 438 NA NA NA NA NA 1246 2681 2047 464 NA NA NA NA
1706738400.0 250202.2 NA 439 487 0 NA NA NA NA NA NA 636 630 0 NA NA NA NA NA NA 9630 2039 344 NA NA NA NA NA NA 3386 2130 381 NA NA NA NA NA
1706738400.0 250202.3 NA 353 428 480 0 NA NA NA NA NA 566 581 659 0 NA NA NA NA NA 1653 9101 2147 374 NA NA NA NA NA 1142 2588 2183 445 NA NA NA NA
1706738400.0 250202.4 NA 447 482 0 NA NA NA NA NA NA 633 656 0 NA NA NA NA NA NA 9583 2167 351 NA NA NA NA NA NA 2965 1930 383 NA NA NA NA NA
1706738400.0 250202.5 NA 392 426 491 0 NA NA NA NA NA 571 601 652 0 NA NA NA NA NA 1650 9092 2349 374 NA NA NA NA NA 1234 2625 1884 441 NA NA NA NA
1706738400.0 250203.0 NA 430 496 0 NA NA NA NA NA NA 606 676 0 NA NA NA NA NA NA 3971 2113 340 NA NA NA NA NA NA 1374 1516 378 NA NA NA NA NA
1706738400.0 250203.17 NA 513 580 0 NA NA NA NA NA NA 696 819 0 NA NA NA NA NA NA 6513 2284 431 NA NA NA NA NA NA 2452 1820 743 NA NA NA NA NA
1706738400.0 250203.18 NA 548 619 0 NA NA NA NA NA NA 799 852 0 NA NA NA NA NA NA 8147 2951 438 NA NA NA NA NA NA 3083 2099 557 NA NA NA NA NA
1706738400.0 250204.0 NA 438 498 0 NA NA NA NA NA NA 615 672 0 NA NA NA NA NA NA 4089 2212 355 NA NA NA NA NA NA 1749 2236 475 NA NA NA NA NA
1706738400.0 250204.17 NA 515 582 0 NA NA NA NA NA NA 706 828 0 NA NA NA NA NA NA 6625 2500 426 NA NA NA NA NA NA 2236 2126 453 NA NA NA NA NA
1706738400.0 250204.18 NA 561 611 0 NA NA NA NA NA NA 784 818 0 NA NA NA NA NA NA 7871 2802 443 NA NA NA NA NA NA 2668 2413 751 NA NA NA NA NA
1706738400.0 250205.0 NA 434 488 0 NA NA NA NA NA NA 604 667 0 NA NA NA NA NA NA 4019 1984 331 NA NA NA NA NA NA 1846 1667 359 NA NA NA NA NA
1706738400.0 250205.17 NA 512 537 0 NA NA NA NA NA NA 706 801 0 NA NA NA NA NA NA 6462 2222 431 NA NA NA NA NA NA 2311 1790 552 NA NA NA NA NA
1706738400.0 250205.18 NA 560 579 0 NA NA NA NA NA NA 771 876 0 NA NA NA NA NA NA 7861 3179 425 NA NA NA NA NA NA 2882 2263 522 NA NA NA NA NA
1706738400.0 250206.0 NA 431 483 0 NA NA NA NA NA NA 612 675 0 NA NA NA NA NA NA 4028 2347 344 NA NA NA NA NA NA 1384 1922 369 NA NA NA NA NA
1706738400.0 250206.118 142 516 419 172 NA NA NA NA NA 224 693 559 260 NA NA NA NA NA 921 2604 1461 378 NA NA NA NA NA 1022 988 1189 375 NA NA NA NA NA
1706738400.0 250206.17 NA 510 566 0 NA NA NA NA NA NA 690 801 0 NA NA NA NA NA NA 6602 2137 435 NA NA NA NA NA NA 2335 2017 472 NA NA NA NA NA
1706738400.0 250206.18 NA 515 659 0 NA NA NA NA NA NA 762 879 0 NA NA NA NA NA NA 7832 3066 438 NA NA NA NA NA NA 2812 2138 471 NA NA NA NA NA
1706738400.0 250206.181 NA 474 566 649 0 NA NA NA NA NA 689 784 879 0 NA NA NA NA NA 2623 7916 2575 458 NA NA NA NA NA 1648 2480 2172 825 NA NA NA NA
1706738400.0 250206.182 146 534 661 0 NA NA NA NA NA 228 685 880 0 NA NA NA NA NA 981 2847 2261 416 NA NA NA NA NA 1284 1117 1970 453 NA NA NA NA NA
1706738400.0 250207.0 NA 421 483 0 NA NA NA NA NA NA 593 644 0 NA NA NA NA NA NA 3886 1994 328 NA NA NA NA NA NA 1690 1490 365 NA NA NA NA NA
1706738400.0 250207.17 NA 505 567 0 NA NA NA NA NA NA 699 795 0 NA NA NA NA NA NA 6247 2047 399 NA NA NA NA NA NA 2392 1758 442 NA NA NA NA NA
1706738400.0 250207.18 NA 551 599 0 NA NA NA NA NA NA 781 849 0 NA NA NA NA NA NA 7412 2446 404 NA NA NA NA NA NA 2818 1850 432 NA NA NA NA NA
1706738400.0 250208.17 NA 529 611 0 NA NA NA NA NA NA 714 864 0 NA NA NA NA NA NA 6964 3225 463 NA NA NA NA NA NA 2280 2109 535 NA NA NA NA NA
1706738400.0 250208.18 NA 559 637 0 NA NA NA NA NA NA 807 871 0 NA NA NA NA NA NA 8423 3618 469 NA NA NA NA NA NA 3141 2478 710 NA NA NA NA NA
1706738400.0 25034.114 NA 1370 1988 0 NA NA NA NA NA NA 1927 3124 0 NA NA NA NA NA NA 10787 54000 577 NA NA NA NA NA NA 3931 16662 681 NA NA NA NA NA
1706738400.0 25034.21 NA 888 721 303 NA NA NA NA NA NA 1311 1127 400 NA NA NA NA NA NA 9335 7544 1540 NA NA NA NA NA NA 3941 2363 903 NA NA NA NA NA
1706738400.0 25034.99 NA 1064 1309 1186 0 NA NA NA NA NA 1612 1951 1851 0 NA NA NA NA NA 6808 5246 36905 556 NA NA NA NA NA 3524 2102 11123 594 NA NA NA NA
1706738400.0 25034.9921 NA 866 926 658 297 NA NA NA NA NA 1271 1367 1010 398 NA NA NA NA NA 5732 3881 6619 1302 NA NA NA NA NA 3370 1515 2304 732 NA NA NA NA
1706738400.0 25034.999 NA 579 887 703 0 NA NA NA NA NA 802 1175 971 0 NA NA NA NA NA 2513 2494 6711 566 NA NA NA NA NA 1853 1496 2753 737 NA NA NA NA
1706738400.0 250399.0 300 NA NA NA NA NA NA NA NA 411 NA NA NA NA NA NA NA NA 620 NA NA NA NA NA NA NA NA 628 NA NA NA NA NA NA NA NA
1706738400.0 250399.17 356 NA NA NA NA NA NA NA NA 491 NA NA NA NA NA NA NA NA 863 NA NA NA NA NA NA NA NA 721 NA NA NA NA NA NA NA NA
1706738400.0 250399.18 357 NA NA NA NA NA NA NA NA 498 NA NA NA NA NA NA NA NA 886 NA NA NA NA NA NA NA NA 932 NA NA NA NA NA NA NA NA
1706738400.0 250400.0 457 0 203 NA NA NA NA NA NA 600 0 291 NA NA NA NA NA NA 860 212 579 NA NA NA NA NA NA 1071 389 745 NA NA NA NA NA NA
1706738400.0 250400.17 535 0 211 NA NA NA NA NA NA 701 0 299 NA NA NA NA NA NA 993 238 622 NA NA NA NA NA NA 1205 314 895 NA NA NA NA NA NA
1706738400.0 250400.18 546 0 205 NA NA NA NA NA NA 704 0 289 NA NA NA NA NA NA 1021 241 598 NA NA NA NA NA NA 1013 363 742 NA NA NA NA NA NA
1706738400.0 250402.0 462 0 205 NA NA NA NA NA NA 631 0 291 NA NA NA NA NA NA 943 220 631 NA NA NA NA NA NA 972 293 1334 NA NA NA NA NA NA
1706738400.0 250402.1 302 403 0 NA NA NA NA NA NA 408 598 0 NA NA NA NA NA NA 628 964 215 NA NA NA NA NA NA 726 1139 247 NA NA NA NA NA NA
1706738400.0 250402.17 541 0 210 NA NA NA NA NA NA 721 0 282 NA NA NA NA NA NA 1057 251 628 NA NA NA NA NA NA 1161 446 760 NA NA NA NA NA NA
1706738400.0 250402.171 362 530 0 NA NA NA NA NA NA 476 685 0 NA NA NA NA NA NA 830 1044 252 NA NA NA NA NA NA 887 939 557 NA NA NA NA NA NA
1706738400.0 250402.18 544 0 209 NA NA NA NA NA NA 693 0 295 NA NA NA NA NA NA 1073 249 621 NA NA NA NA NA NA 1275 355 786 NA NA NA NA NA NA
1706738400.0 250402.181 363 492 0 NA NA NA NA NA NA 479 699 0 NA NA NA NA NA NA 888 1137 257 NA NA NA NA NA NA 668 1250 570 NA NA NA NA NA NA
1706738400.0 250403.0 466 0 202 NA NA NA NA NA NA 631 0 291 NA NA NA NA NA NA 874 215 607 NA NA NA NA NA NA 911 292 1458 NA NA NA NA NA NA
1706738400.0 250403.17 527 0 211 NA NA NA NA NA NA 691 0 293 NA NA NA NA NA NA 989 232 601 NA NA NA NA NA NA 1044 339 841 NA NA NA NA NA NA
1706738400.0 250403.18 507 0 204 NA NA NA NA NA NA 694 0 286 NA NA NA NA NA NA 1037 230 607 NA NA NA NA NA NA 1101 252 810 NA NA NA NA NA NA
1706738400.0 250405.0 456 0 202 NA NA NA NA NA NA 605 0 282 NA NA NA NA NA NA 851 216 581 NA NA NA NA NA NA 1157 425 994 NA NA NA NA NA NA
1706738400.0 250405.17 526 0 206 NA NA NA NA NA NA 678 0 296 NA NA NA NA NA NA 1013 230 599 NA NA NA NA NA NA 1471 339 955 NA NA NA NA NA NA
1706738400.0 250405.18 510 0 197 NA NA NA NA NA NA 716 0 271 NA NA NA NA NA NA 1048 237 622 NA NA NA NA NA NA 923 313 876 NA NA NA NA NA NA
1706738400.0 250406.0 434 0 192 NA NA NA NA NA NA 622 0 289 NA NA NA NA NA NA 828 219 579 NA NA NA NA NA NA 921 455 833 NA NA NA NA NA NA
1706738400.0 250406.17 528 0 205 NA NA NA NA NA NA 693 0 286 NA NA NA NA NA NA 860 236 570 NA NA NA NA NA NA 1606 381 746 NA NA NA NA NA NA
1706738400.0 250406.18 537 0 206 NA NA NA NA NA NA 705 0 291 NA NA NA NA NA NA 906 241 569 NA NA NA NA NA NA 1456 427 768 NA NA NA NA NA NA
1706738400.0 250407.0 380 0 201 NA NA NA NA NA NA 529 0 292 NA NA NA NA NA NA 765 175 574 NA NA NA NA NA NA 934 272 979 NA NA NA NA NA NA
1706738400.0 250407.17 452 0 194 NA NA NA NA NA NA 613 0 289 NA NA NA NA NA NA 926 213 602 NA NA NA NA NA NA 954 409 722 NA NA NA NA NA NA
1706738400.0 250407.18 465 0 200 NA NA NA NA NA NA 612 0 288 NA NA NA NA NA NA 917 215 589 NA NA NA NA NA NA 1131 495 825 NA NA NA NA NA NA
1706738400.0 250408.0 463 0 208 NA NA NA NA NA NA 603 0 295 NA NA NA NA NA NA 918 219 597 NA NA NA NA NA NA 1061 327 632 NA NA NA NA NA NA
1706738400.0 250408.17 543 0 210 NA NA NA NA NA NA 716 0 288 NA NA NA NA NA NA 1075 247 622 NA NA NA NA NA NA 1200 493 813 NA NA NA NA NA NA
1706738400.0 250408.18 539 0 198 NA NA NA NA NA NA 689 0 291 NA NA NA NA NA NA 1098 240 613 NA NA NA NA NA NA 1002 325 994 NA NA NA NA NA NA
1706738400.0 250409.0 477 0 210 NA NA NA NA NA NA 642 0 279 NA NA NA NA NA NA 1094 216 701 NA NA NA NA NA NA 1300 248 1020 NA NA NA NA NA NA
1706738400.0 250409.17 545 0 213 NA NA NA NA NA NA 715 0 284 NA NA NA NA NA NA 1224 256 709 NA NA NA NA NA NA 1471 470 912 NA NA NA NA NA NA
1706738400.0 250409.18 542 0 211 NA NA NA NA NA NA 702 0 290 NA NA NA NA NA NA 1251 244 706 NA NA NA NA NA NA 1107 282 751 NA NA NA NA NA NA
1706738400.0 25061.97 1119 NA NA NA NA NA NA NA NA 1508 NA NA NA NA NA NA NA NA 6021 NA NA NA NA NA NA NA NA 2636 NA NA NA NA NA NA NA NA
1706738400.0 25200.0 NA 431 669 0 170 NA NA NA NA NA 599 920 0 259 NA NA NA NA NA 1583 2804 365 416 NA NA NA NA NA 1031 2803 500 481 NA NA NA NA
1706738400.0 25202.0 NA 428 661 0 172 NA NA NA NA NA 599 908 0 255 NA NA NA NA NA 1488 2678 361 399 NA NA NA NA NA 1371 2267 500 443 NA NA NA NA
1706738400.0 25202.1 NA 434 651 0 NA NA NA NA NA NA 607 919 0 NA NA NA NA NA NA 2156 2620 378 NA NA NA NA NA NA 1416 2699 723 NA NA NA NA NA
1706738400.0 25202.15 NA 418 648 0 186 NA NA NA NA NA 578 928 0 278 NA NA NA NA NA 1493 2787 348 451 NA NA NA NA NA 1096 2622 409 488 NA NA NA NA
1706738400.0 25202.2 NA 432 643 0 NA NA NA NA NA NA 599 857 0 NA NA NA NA NA NA 2135 2659 360 NA NA NA NA NA NA 1402 2918 399 NA NA NA NA NA
1706738400.0 25203.0 NA 433 631 0 170 NA NA NA NA NA 598 887 0 259 NA NA NA NA NA 1542 2654 346 409 NA NA NA NA NA 1221 2521 472 792 NA NA NA NA
1706738400.0 25204.0 NA 431 650 0 NA NA NA NA NA NA 607 882 0 NA NA NA NA NA NA 1676 2841 378 NA NA NA NA NA NA 1230 3377 740 NA NA NA NA NA
1706738400.0 25205.0 NA 425 640 0 168 NA NA NA NA NA 565 908 0 255 NA NA NA NA NA 1491 2544 346 398 NA NA NA NA NA 1119 2287 490 567 NA NA NA NA
1706738400.0 25206.0 NA 433 671 0 170 NA NA NA NA NA 594 905 0 254 NA NA NA NA NA 1509 2747 369 397 NA NA NA NA NA 1189 2537 776 431 NA NA NA NA
1706738400.0 25207.0 NA 384 638 0 NA NA NA NA NA NA 565 905 0 NA NA NA NA NA NA 1558 2560 335 NA NA NA NA NA NA 1208 2442 397 NA NA NA NA NA
1706738400.0 25208.0 NA 444 704 0 NA NA NA NA NA NA 596 903 0 NA NA NA NA NA NA 1605 3523 373 NA NA NA NA NA NA 1028 2631 438 NA NA NA NA NA
1706738400.0 25209.0 NA 434 659 0 170 NA NA NA NA NA 585 895 0 254 NA NA NA NA NA 1502 2768 349 393 NA NA NA NA NA 1101 2324 416 446 NA NA NA NA
1706738400.0 25210.0 122 423 654 0 NA NA NA NA NA 265 536 813 0 NA NA NA NA NA 2367 735 1929 342 NA NA NA NA NA 3692 798 2263 463 NA NA NA NA NA
1706738400.0 25211.0 171 435 663 0 NA NA NA NA NA 271 578 902 0 NA NA NA NA NA 5789 1550 2690 351 NA NA NA NA NA 2836 908 1746 392 NA NA NA NA NA
1706738400.0 25211.17 145 479 721 0 NA NA NA NA NA 246 635 918 0 NA NA NA NA NA 5870 2765 2833 448 NA NA NA NA NA 2138 1158 2104 544 NA NA NA NA NA
1706738400.0 25211.18 145 540 808 0 NA NA NA NA NA 244 750 1054 0 NA NA NA NA NA 5718 3716 3387 448 NA NA NA NA NA 2639 1872 2467 535 NA NA NA NA NA
1706738400.0 25212.0 169 426 646 0 NA NA NA NA NA 285 588 905 0 NA NA NA NA NA 7406 1528 2713 358 NA NA NA NA NA 3772 884 2433 428 NA NA NA NA NA
1706738400.0 25212.17 149 493 713 0 NA NA NA NA NA 248 668 969 0 NA NA NA NA NA 7555 2787 2916 437 NA NA NA NA NA 2747 1245 2240 492 NA NA NA NA NA
1706738400.0 25212.18 148 553 797 0 NA NA NA NA NA 248 751 1096 0 NA NA NA NA NA 7705 3559 3668 442 NA NA NA NA NA 3487 1487 2461 496 NA NA NA NA NA
1706738400.0 25213.0 168 431 647 0 NA NA NA NA NA 275 597 917 0 NA NA NA NA NA 7793 1530 2561 365 NA NA NA NA NA 3445 1376 2164 410 NA NA NA NA NA
1706738400.0 25213.17 96 487 728 0 NA NA NA NA NA 248 674 1059 0 NA NA NA NA NA 7812 2817 2993 462 NA NA NA NA NA 3083 1172 2087 579 NA NA NA NA NA
1706738400.0 25213.18 148 553 809 0 NA NA NA NA NA 248 738 1083 0 NA NA NA NA NA 7429 3545 3649 447 NA NA NA NA NA 2709 1585 2175 501 NA NA NA NA NA
1706738400.0 25214.0 NA 440 663 0 NA NA NA NA NA NA 578 878 0 NA NA NA NA NA NA 1498 2771 351 NA NA NA NA NA NA 1187 2322 395 NA NA NA NA NA
1706738400.0 25215.0 70 172 420 645 0 NA NA NA NA 108 265 601 838 0 NA NA NA NA 50 1937 1549 2649 366 NA NA NA NA 359 1365 1299 2014 411 NA NA NA NA
1706738400.0 25215.17 70 147 471 722 0 NA NA NA NA 108 236 626 998 0 NA NA NA NA 45 1919 2734 2648 421 NA NA NA NA 106 1231 1065 1807 445 NA NA NA NA
1706738400.0 25215.18 70 101 566 831 0 NA NA NA NA 108 235 722 1122 0 NA NA NA NA 47 1823 3507 3457 431 NA NA NA NA 108 1987 1357 2047 473 NA NA NA NA
1706738400.0 25234.0 187 602 576 0 215 NA NA NA NA 276 786 757 0 301 NA NA NA NA 4106 1629 2260 514 618 NA NA NA NA 1847 1069 1693 608 646 NA NA NA NA
1706738400.0 25234.911 188 592 552 0 213 NA NA NA NA 290 775 756 0 311 NA NA NA NA 8212 5021 5316 1489 633 NA NA NA NA 4392 3076 3450 1688 948 NA NA NA NA
1706738400.0 25400.0 555 0 201 NA NA NA NA NA NA 722 0 298 NA NA NA NA NA NA 2233 219 603 NA NA NA NA NA NA 1275 243 668 NA NA NA NA NA NA
1706738400.0 25400.17 627 0 207 NA NA NA NA NA NA 807 0 291 NA NA NA NA NA NA 4449 248 629 NA NA NA NA NA NA 2431 275 725 NA NA NA NA NA NA
1706738400.0 25400.18 664 0 204 NA NA NA NA NA NA 906 0 295 NA NA NA NA NA NA 3999 244 601 NA NA NA NA NA NA 1773 273 671 NA NA NA NA NA NA
1706738400.0 25402.0 567 0 201 NA NA NA NA NA NA 724 0 294 NA NA NA NA NA NA 2499 229 641 NA NA NA NA NA NA 1244 263 1146 NA NA NA NA NA NA
1706738400.0 25402.17 663 0 208 NA NA NA NA NA NA 905 0 289 NA NA NA NA NA NA 4300 262 605 NA NA NA NA NA NA 1927 328 579 NA NA NA NA NA NA
1706738400.0 25402.18 664 0 209 NA NA NA NA NA NA 841 0 290 NA NA NA NA NA NA 4121 252 611 NA NA NA NA NA NA 1782 273 686 NA NA NA NA NA NA
1706738400.0 25403.0 556 0 202 NA NA NA NA NA NA 725 0 295 NA NA NA NA NA NA 2346 218 594 NA NA NA NA NA NA 1692 278 790 NA NA NA NA NA NA
1706738400.0 25403.17 656 0 208 NA NA NA NA NA NA 806 0 286 NA NA NA NA NA NA 4410 247 661 NA NA NA NA NA NA 1909 284 775 NA NA NA NA NA NA
1706738400.0 25403.18 653 0 204 NA NA NA NA NA NA 837 0 293 NA NA NA NA NA NA 4243 267 626 NA NA NA NA NA NA 1828 330 762 NA NA NA NA NA NA
1706738400.0 25405.0 549 0 198 NA NA NA NA NA NA 736 0 285 NA NA NA NA NA NA 2508 214 582 NA NA NA NA NA NA 1661 249 752 NA NA NA NA NA NA
1706738400.0 25405.17 656 0 205 NA NA NA NA NA NA 903 0 288 NA NA NA NA NA NA 3885 243 596 NA NA NA NA NA NA 1637 268 703 NA NA NA NA NA NA
1706738400.0 25405.18 662 0 203 NA NA NA NA NA NA 911 0 286 NA NA NA NA NA NA 4235 272 623 NA NA NA NA NA NA 1886 348 673 NA NA NA NA NA NA
1706738400.0 25406.0 532 0 199 NA NA NA NA NA NA 700 0 294 NA NA NA NA NA NA 1536 216 570 NA NA NA NA NA NA 1438 267 760 NA NA NA NA NA NA
1706738400.0 25406.17 665 0 167 NA NA NA NA NA NA 909 0 298 NA NA NA NA NA NA 2472 276 598 NA NA NA NA NA NA 1997 679 699 NA NA NA NA NA NA
1706738400.0 25406.18 655 0 203 NA NA NA NA NA NA 842 0 290 NA NA NA NA NA NA 2464 261 559 NA NA NA NA NA NA 1928 420 650 NA NA NA NA NA NA
1706738400.0 25407.0 483 0 188 NA NA NA NA NA NA 630 0 281 NA NA NA NA NA NA 2080 218 596 NA NA NA NA NA NA 1263 362 826 NA NA NA NA NA NA
1706738400.0 25407.17 588 0 203 NA NA NA NA NA NA 797 0 289 NA NA NA NA NA NA 3330 226 589 NA NA NA NA NA NA 1555 245 829 NA NA NA NA NA NA
1706738400.0 25407.18 581 0 202 NA NA NA NA NA NA 741 0 291 NA NA NA NA NA NA 3689 239 571 NA NA NA NA NA NA 1836 293 562 NA NA NA NA NA NA
1706738400.0 25408.0 561 0 207 NA NA NA NA NA NA 743 0 282 NA NA NA NA NA NA 2523 236 686 NA NA NA NA NA NA 1264 300 650 NA NA NA NA NA NA
1706738400.0 25408.17 668 0 171 NA NA NA NA NA NA 904 0 283 NA NA NA NA NA NA 4857 283 723 NA NA NA NA NA NA 2090 320 679 NA NA NA NA NA NA
1706738400.0 25408.18 673 0 176 NA NA NA NA NA NA 888 0 291 NA NA NA NA NA NA 5148 260 705 NA NA NA NA NA NA 2045 281 660 NA NA NA NA NA NA
1706738400.0 25409.0 508 0 205 NA NA NA NA NA NA 737 0 286 NA NA NA NA NA NA 2412 229 598 NA NA NA NA NA NA 1399 305 648 NA NA NA NA NA NA
1706738400.0 25409.17 668 0 212 NA NA NA NA NA NA 839 0 293 NA NA NA NA NA NA 4826 252 670 NA NA NA NA NA NA 2135 278 702 NA NA NA NA NA NA
1706738400.0 25409.18 661 0 206 NA NA NA NA NA NA 858 0 294 NA NA NA NA NA NA 4711 255 650 NA NA NA NA NA NA 2017 285 729 NA NA NA NA NA NA
1706738400.0 25634.0 179 594 571 0 206 NA NA NA NA 267 773 756 0 300 NA NA NA NA 4240 1682 2325 515 626 NA NA NA NA 2012 1147 1737 576 683 NA NA NA NA
1706738400.0 26.0 NA 210 408 0 NA NA NA NA NA NA 296 554 0 NA NA NA NA NA NA 1166 2212 369 NA NA NA NA NA NA 496 1587 565 NA NA NA NA NA
1706738400.0 26034.0 191 590 548 0 211 NA NA NA NA 281 796 746 0 298 NA NA NA NA 4207 1687 2331 524 627 NA NA NA NA 1885 1185 1733 725 702 NA NA NA NA
1706738400.0 26434.0 176 594 559 0 211 NA NA NA NA 269 777 736 0 298 NA NA NA NA 4473 1685 2432 499 636 NA NA NA NA 2490 1119 2818 539 706 NA NA NA NA
1706738400.0 26834.0 185 604 567 0 213 NA NA NA NA 274 790 731 0 300 NA NA NA NA 3758 1538 2225 442 575 NA NA NA NA 1652 1094 1948 491 657 NA NA NA NA
1706738400.0 27.0 NA 215 385 0 NA NA NA NA NA NA 301 542 0 NA NA NA NA NA NA 1154 2091 371 NA NA NA NA NA NA 525 1509 394 NA NA NA NA NA
1706738400.0 27234.0 191 610 532 0 215 NA NA NA NA 282 796 734 0 301 NA NA NA NA 4027 1612 2422 493 650 NA NA NA NA 1944 1297 3055 534 1121 NA NA NA NA
1706738400.0 27634.0 178 603 588 0 213 NA NA NA NA 269 774 775 0 305 NA NA NA NA 4063 1645 2250 508 637 NA NA NA NA 1831 1142 1595 628 685 NA NA NA NA
1706738400.0 28.0 NA 216 388 0 NA NA NA NA NA NA 308 529 0 NA NA NA NA NA NA 1283 2661 364 NA NA NA NA NA NA 674 1680 395 NA NA NA NA NA
1706738400.0 280.0 192 182 357 0 NA NA NA NA NA 350 260 509 0 NA NA NA NA NA 1691 313 1414 342 NA NA NA NA NA 1171 582 1613 398 NA NA NA NA NA
1706738400.0 28034.0 190 612 587 0 216 NA NA NA NA 280 801 729 0 302 NA NA NA NA 3492 1527 2234 434 572 NA NA NA NA 1460 1076 1850 470 628 NA NA NA NA
1706738400.0 281.0 194 249 433 0 NA NA NA NA NA 377 336 651 0 NA NA NA NA NA 1426 365 1195 354 NA NA NA NA NA 952 544 1701 589 NA NA NA NA NA
1706738400.0 29.0 NA 216 408 0 NA NA NA NA NA NA 296 571 0 NA NA NA NA NA NA 1149 2293 370 NA NA NA NA NA NA 459 1786 551 NA NA NA NA NA
1706738400.0 3.0 152 182 302 NA NA NA NA NA NA 273 253 427 NA NA NA NA NA NA 3050 271 1152 NA NA NA NA NA NA 1462 357 1160 NA NA NA NA NA NA
1706738400.0 30.0 NA 215 385 0 NA NA NA NA NA NA 296 531 0 NA NA NA NA NA NA 1195 2362 410 NA NA NA NA NA NA 516 1842 450 NA NA NA NA NA
1706738400.0 300.0 154 257 491 0 NA NA NA NA NA 261 362 684 0 NA NA NA NA NA 1079 337 1290 391 NA NA NA NA NA 826 944 1700 461 NA NA NA NA NA
1706738400.0 301.0 107 260 499 0 NA NA NA NA NA 259 365 705 0 NA NA NA NA NA 1509 324 1299 380 NA NA NA NA NA 1090 843 1823 406 NA NA NA NA NA
1706738400.0 302.0 106 259 493 0 NA NA NA NA NA 259 353 697 0 NA NA NA NA NA 1020 323 1297 405 NA NA NA NA NA 896 890 1730 810 NA NA NA NA NA
1706738400.0 31.0 NA 215 383 0 NA NA NA NA NA NA 300 529 0 NA NA NA NA NA NA 1171 2170 369 NA NA NA NA NA NA 523 1990 544 NA NA NA NA NA
1706738400.0 310.0 160 254 476 0 NA NA NA NA NA 260 341 675 0 NA NA NA NA NA 1340 310 1247 409 NA NA NA NA NA 1185 835 1626 547 NA NA NA NA NA
1706738400.0 311.0 164 248 488 0 NA NA NA NA NA 262 357 688 0 NA NA NA NA NA 1906 326 1285 416 NA NA NA NA NA 1532 753 1833 473 NA NA NA NA NA
1706738400.0 312.0 165 250 485 0 NA NA NA NA NA 262 354 672 0 NA NA NA NA NA 1348 312 1231 403 NA NA NA NA NA 1211 627 1646 681 NA NA NA NA NA
1706738400.0 32.0 NA 211 355 0 NA NA NA NA NA NA 305 535 0 NA NA NA NA NA NA 1244 2426 371 NA NA NA NA NA NA 599 1637 418 NA NA NA NA NA
1706738400.0 320.0 175 253 476 0 NA NA NA NA NA 279 356 685 0 NA NA NA NA NA 1593 390 1176 403 NA NA NA NA NA 1356 690 1560 580 NA NA NA NA NA
1706738400.0 321.0 176 264 496 0 NA NA NA NA NA 273 370 691 0 NA NA NA NA NA 2075 422 1272 389 NA NA NA NA NA 1974 633 1839 412 NA NA NA NA NA
1706738400.0 322.0 176 265 497 0 NA NA NA NA NA 275 366 692 0 NA NA NA NA NA 1548 428 1254 405 NA NA NA NA NA 1545 685 1641 458 NA NA NA NA NA
1706738400.0 33.0 NA 213 384 0 NA NA NA NA NA NA 293 540 0 NA NA NA NA NA NA 1131 1967 358 NA NA NA NA NA NA 490 1429 398 NA NA NA NA NA
1706738400.0 34.0 169 181 359 0 NA NA NA NA NA 282 258 503 0 NA NA NA NA NA 1509 305 1429 338 NA NA NA NA NA 1049 555 2149 378 NA NA NA NA NA
1706738400.0 35.0 NA 215 390 0 NA NA NA NA NA NA 295 545 0 NA NA NA NA NA NA 1293 2594 417 NA NA NA NA NA NA 684 2185 799 NA NA NA NA NA
1706738400.0 36.0 NA 209 395 0 NA NA NA NA NA NA 303 546 0 NA NA NA NA NA NA 1344 7413 408 NA NA NA NA NA NA 907 2824 454 NA NA NA NA NA
1706738400.0 37.0 NA 212 373 0 NA NA NA NA NA NA 305 559 0 NA NA NA NA NA NA 1270 3228 385 NA NA NA NA NA NA 514 1883 408 NA NA NA NA NA
1706738400.0 38.0 NA 212 392 0 NA NA NA NA NA NA 302 552 0 NA NA NA NA NA NA 1287 2923 369 NA NA NA NA NA NA 571 1698 398 NA NA NA NA NA
1706738400.0 39.0 NA 211 398 0 NA NA NA NA NA NA 319 542 0 NA NA NA NA NA NA 1403 4752 396 NA NA NA NA NA NA 557 2133 475 NA NA NA NA NA
1706738400.0 4.17 NA 101 372 0 229 NA NA NA NA NA 165 515 0 342 NA NA NA NA NA 155 2483 293 945 NA NA NA NA NA 318 2176 494 1068 NA NA NA NA
1706738400.0 4.22 NA 200 123 129 0 NA NA NA NA NA 319 202 214 0 NA NA NA NA NA 716 224 223 185 NA NA NA NA NA 659 436 569 226 NA NA NA NA
1706738400.0 4.23 NA 102 382 0 NA NA NA NA NA NA 203 515 0 NA NA NA NA NA NA 246 2515 372 NA NA NA NA NA NA 505 3175 489 NA NA NA NA NA
1706738400.0 4.24 NA 125 373 0 NA NA NA NA NA NA 195 522 0 NA NA NA NA NA NA 203 2493 284 NA NA NA NA NA NA 258 2245 409 NA NA NA NA NA
1706738400.0 4.25 NA 123 376 0 NA NA NA NA NA NA 187 503 0 NA NA NA NA NA NA 199 2452 307 NA NA NA NA NA NA 374 2331 701 NA NA NA NA NA
1706738400.0 4.26 NA 125 380 0 NA NA NA NA NA NA 190 519 0 NA NA NA NA NA NA 226 2959 334 NA NA NA NA NA NA 608 2608 479 NA NA NA NA NA
1706738400.0 4.27 NA 120 377 0 NA NA NA NA NA NA 188 526 0 NA NA NA NA NA NA 219 2994 386 NA NA NA NA NA NA 345 2464 671 NA NA NA NA NA
1706738400.0 4.28 NA 133 367 0 NA NA NA NA NA NA 208 505 0 NA NA NA NA NA NA 218 2637 1272 NA NA NA NA NA NA 699 3224 1322 NA NA NA NA NA
1706738400.0 4.29 NA 105 340 0 251 NA NA NA NA NA 169 508 0 351 NA NA NA NA NA 151 2787 292 966 NA NA NA NA NA 245 2609 634 1114 NA NA NA NA
1706738400.0 4.34 NA 132 385 0 NA NA NA NA NA NA 197 531 0 NA NA NA NA NA NA 220 2646 352 NA NA NA NA NA NA 472 2096 388 NA NA NA NA NA
1706738400.0 4.36 NA 126 382 0 NA NA NA NA NA NA 195 514 0 NA NA NA NA NA NA 209 2844 281 NA NA NA NA NA NA 314 2418 317 NA NA NA NA NA
1706738400.0 4.37 NA 126 388 0 NA NA NA NA NA NA 196 518 0 NA NA NA NA NA NA 228 3393 296 NA NA NA NA NA NA 563 2496 324 NA NA NA NA NA
1706738400.0 4.4 NA 102 450 0 NA NA NA NA NA NA 173 720 0 NA NA NA NA NA NA 140 2968 272 NA NA NA NA NA NA 292 2553 378 NA NA NA NA NA
1706738400.0 4.41 NA 102 452 0 NA NA NA NA NA NA 175 704 0 NA NA NA NA NA NA 156 4049 273 NA NA NA NA NA NA 324 2726 300 NA NA NA NA NA
1706738400.0 4.42 NA 102 468 0 NA NA NA NA NA NA 172 735 0 NA NA NA NA NA NA 150 4350 286 NA NA NA NA NA NA 250 2147 434 NA NA NA NA NA
1706738400.0 4.43 NA 104 447 0 NA NA NA NA NA NA 174 706 0 NA NA NA NA NA NA 148 3069 291 NA NA NA NA NA NA 346 3130 413 NA NA NA NA NA
1706738400.0 4.44 NA 103 449 0 NA NA NA NA NA NA 167 724 0 NA NA NA NA NA NA 151 3713 301 NA NA NA NA NA NA 375 3101 648 NA NA NA NA NA
1706738400.0 4.45 NA 102 465 0 NA NA NA NA NA NA 173 727 0 NA NA NA NA NA NA 157 4690 274 NA NA NA NA NA NA 312 2163 306 NA NA NA NA NA
1706738400.0 4.51 NA 102 464 0 NA NA NA NA NA NA 167 725 0 NA NA NA NA NA NA 152 4143 274 NA NA NA NA NA NA 211 2356 306 NA NA NA NA NA
1706738400.0 4.52 NA 100 461 0 NA NA NA NA NA NA 172 730 0 NA NA NA NA NA NA 150 4735 281 NA NA NA NA NA NA 235 2261 350 NA NA NA NA NA
1706738400.0 4.53 NA 102 464 0 NA NA NA NA NA NA 174 732 0 NA NA NA NA NA NA 154 4603 281 NA NA NA NA NA NA 303 2282 435 NA NA NA NA NA
1706738400.0 4.54 NA 102 463 0 NA NA NA NA NA NA 170 733 0 NA NA NA NA NA NA 152 4565 277 NA NA NA NA NA NA 290 2174 335 NA NA NA NA NA
1706738400.0 4.55 NA 101 438 0 NA NA NA NA NA NA 173 724 0 NA NA NA NA NA NA 155 5802 278 NA NA NA NA NA NA 289 2585 348 NA NA NA NA NA
1706738400.0 4.57 NA 124 469 0 NA NA NA NA NA NA 194 759 0 NA NA NA NA NA NA 222 5272 294 NA NA NA NA NA NA 409 2330 476 NA NA NA NA NA
1706738400.0 4.58 NA 104 455 0 NA NA NA NA NA NA 171 696 0 NA NA NA NA NA NA 146 3487 275 NA NA NA NA NA NA 226 2569 371 NA NA NA NA NA
1706738400.0 4.6 NA 375 0 NA NA NA NA NA NA NA 518 0 NA NA NA NA NA NA NA 2521 388 NA NA NA NA NA NA NA 2833 416 NA NA NA NA NA NA
1706738400.0 4.61 NA 102 466 0 NA NA NA NA NA NA 172 727 0 NA NA NA NA NA NA 152 4411 268 NA NA NA NA NA NA 228 2083 312 NA NA NA NA NA
1706738400.0 4.62 NA 100 460 0 NA NA NA NA NA NA 174 737 0 NA NA NA NA NA NA 155 4465 275 NA NA NA NA NA NA 363 2164 310 NA NA NA NA NA
1706738400.0 4.63 NA 100 462 0 NA NA NA NA NA NA 169 730 0 NA NA NA NA NA NA 152 5028 276 NA NA NA NA NA NA 238 2260 302 NA NA NA NA NA
1706738400.0 4.64 NA 101 463 0 NA NA NA NA NA NA 171 743 0 NA NA NA NA NA NA 158 4803 273 NA NA NA NA NA NA 259 2228 297 NA NA NA NA NA
1706738400.0 4.65 NA 101 477 0 NA NA NA NA NA NA 174 753 0 NA NA NA NA NA NA 159 6626 277 NA NA NA NA NA NA 238 2706 303 NA NA NA NA NA
1706738400.0 4.67 NA 123 469 0 NA NA NA NA NA NA 190 728 0 NA NA NA NA NA NA 223 5526 292 NA NA NA NA NA NA 287 2367 452 NA NA NA NA NA
1706738400.0 4.68 NA 102 461 0 NA NA NA NA NA NA 173 713 0 NA NA NA NA NA NA 147 4348 280 NA NA NA NA NA NA 255 2178 374 NA NA NA NA NA
1706738400.0 4.71 NA 103 452 0 NA NA NA NA NA NA 169 710 0 NA NA NA NA NA NA 151 3543 271 NA NA NA NA NA NA 332 2371 303 NA NA NA NA NA
1706738400.0 4.72 NA 101 457 0 NA NA NA NA NA NA 174 705 0 NA NA NA NA NA NA 158 4141 282 NA NA NA NA NA NA 522 2074 363 NA NA NA NA NA
1706738400.0 4.73 NA 102 463 0 NA NA NA NA NA NA 174 735 0 NA NA NA NA NA NA 152 4815 284 NA NA NA NA NA NA 219 2193 356 NA NA NA NA NA
1706738400.0 4.74 NA 101 457 0 NA NA NA NA NA NA 177 708 0 NA NA NA NA NA NA 160 4132 282 NA NA NA NA NA NA 515 2001 361 NA NA NA NA NA
1706738400.0 4.75 NA 102 460 0 NA NA NA NA NA NA 171 735 0 NA NA NA NA NA NA 151 4950 281 NA NA NA NA NA NA 345 2257 355 NA NA NA NA NA
1706738400.0 4.76 NA 124 467 0 NA NA NA NA NA NA 199 730 0 NA NA NA NA NA NA 227 5246 291 NA NA NA NA NA NA 377 2333 537 NA NA NA NA NA
1706738400.0 4.77 NA 125 466 0 NA NA NA NA NA NA 200 757 0 NA NA NA NA NA NA 220 5350 294 NA NA NA NA NA NA 323 2348 382 NA NA NA NA NA
1706738400.0 4.78 NA 106 465 0 NA NA NA NA NA NA 175 741 0 NA NA NA NA NA NA 160 5068 280 NA NA NA NA NA NA 378 2384 378 NA NA NA NA NA
1706738400.0 4000.0 NA 214 398 NA NA NA NA NA NA NA 306 546 NA NA NA NA NA NA NA 1350 3342 NA NA NA NA NA NA NA 589 1887 NA NA NA NA NA NA
1706738400.0 4001.0 NA 267 456 NA NA NA NA NA NA NA 356 606 NA NA NA NA NA NA NA 576 1958 NA NA NA NA NA NA NA 778 1882 NA NA NA NA NA NA
1706738400.0 4002.0 NA 213 390 NA NA NA NA NA NA NA 300 522 NA NA NA NA NA NA NA 1178 2233 NA NA NA NA NA NA NA 506 2029 NA NA NA NA NA NA
1706738400.0 4003.0 NA 216 388 NA NA NA NA NA NA NA 301 554 NA NA NA NA NA NA NA 1188 2391 NA NA NA NA NA NA NA 508 1762 NA NA NA NA NA NA
1706738400.0 4006.0 134 257 453 NA NA NA NA NA NA 227 356 610 NA NA NA NA NA NA 668 640 2008 NA NA NA NA NA NA 643 885 2015 NA NA NA NA NA NA
1706738400.0 4007.0 130 0 0 NA NA NA NA NA NA 213 0 0 NA NA NA NA NA NA 466 123 1165 NA NA NA NA NA NA 548 540 1734 NA NA NA NA NA NA
1706738400.0 4008.0 146 190 373 NA NA NA NA NA NA 238 274 529 NA NA NA NA NA NA 648 238 1340 NA NA NA NA NA NA 931 624 1825 NA NA NA NA NA NA
1706738400.0 43.0 NA 210 392 0 NA NA NA NA NA NA 296 547 0 NA NA NA NA NA NA 1201 2710 404 NA NA NA NA NA NA 580 1717 427 NA NA NA NA NA
1706738400.0 44.0 NA 210 385 0 NA NA NA NA NA NA 298 542 0 NA NA NA NA NA NA 1208 2525 375 NA NA NA NA NA NA 574 1592 581 NA NA NA NA NA
1706738400.0 45.0 NA 213 388 0 NA NA NA NA NA NA 306 554 0 NA NA NA NA NA NA 1250 2704 419 NA NA NA NA NA NA 651 2247 706 NA NA NA NA NA
1706738400.0 5.1 360 0 NA NA NA NA NA NA NA 547 0 NA NA NA NA NA NA NA 941 220 NA NA NA NA NA NA NA 1477 404 NA NA NA NA NA NA NA
1706738400.0 5.2 315 0 NA NA NA NA NA NA NA 433 0 NA NA NA NA NA NA NA 717 188 NA NA NA NA NA NA NA 820 218 NA NA NA NA NA NA NA
1706738400.0 5.3 314 0 NA NA NA NA NA NA NA 447 0 NA NA NA NA NA NA NA 734 186 NA NA NA NA NA NA NA 938 212 NA NA NA NA NA NA NA
1706738400.0 5.4 399 0 NA NA NA NA NA NA NA 544 0 NA NA NA NA NA NA NA 783 213 NA NA NA NA NA NA NA 1036 355 NA NA NA NA NA NA NA
1706738400.0 5.5 357 0 NA NA NA NA NA NA NA 526 0 NA NA NA NA NA NA NA 751 222 NA NA NA NA NA NA NA 755 394 NA NA NA NA NA NA NA
1706738400.0 5.6 403 0 NA NA NA NA NA NA NA 547 0 NA NA NA NA NA NA NA 779 212 NA NA NA NA NA NA NA 774 294 NA NA NA NA NA NA NA
1706738400.0 5.7 405 0 NA NA NA NA NA NA NA 535 0 NA NA NA NA NA NA NA 782 209 NA NA NA NA NA NA NA 1247 244 NA NA NA NA NA NA NA
1706738400.0 500199.0 285 NA NA NA NA NA NA NA NA 432 NA NA NA NA NA NA NA NA 1104 NA NA NA NA NA NA NA NA 872 NA NA NA NA NA NA NA NA
1706738400.0 500200.0 NA 302 422 0 NA NA NA NA NA NA 427 551 0 NA NA NA NA NA NA 2465 1936 366 NA NA NA NA NA NA 968 1377 477 NA NA NA NA NA
1706738400.0 500200.1 168 285 337 NA NA NA NA NA NA 272 394 453 NA NA NA NA NA NA 1445 439 1630 NA NA NA NA NA NA 797 688 1303 NA NA NA NA NA NA
1706738400.0 500202.0 NA 304 422 0 NA NA NA NA NA NA 434 558 0 NA NA NA NA NA NA 2873 2234 369 NA NA NA NA NA NA 1696 2905 395 NA NA NA NA NA
1706738400.0 500203.0 NA 299 423 0 NA NA NA NA NA NA 424 574 0 NA NA NA NA NA NA 2630 2064 393 NA NA NA NA NA NA 1040 2181 479 NA NA NA NA NA
1706738400.0 500204.0 NA 302 423 0 NA NA NA NA NA NA 421 580 0 NA NA NA NA NA NA 2561 1994 356 NA NA NA NA NA NA 985 1736 377 NA NA NA NA NA
1706738400.0 500205.0 NA 304 418 0 NA NA NA NA NA NA 440 567 0 NA NA NA NA NA NA 2482 1911 346 NA NA NA NA NA NA 945 1391 365 NA NA NA NA NA
1706738400.0 500206.0 NA 303 424 0 NA NA NA NA NA NA 428 558 0 NA NA NA NA NA NA 2520 2031 374 NA NA NA NA NA NA 973 1746 428 NA NA NA NA NA
1706738400.0 500207.0 NA 292 415 0 NA NA NA NA NA NA 421 557 0 NA NA NA NA NA NA 2284 1920 361 NA NA NA NA NA NA 934 1689 460 NA NA NA NA NA
1706738400.0 50200.0 NA 306 512 0 NA NA NA NA NA NA 429 708 0 NA NA NA NA NA NA 932 2276 383 NA NA NA NA NA NA 709 2975 556 NA NA NA NA NA
1706738400.0 50202.0 NA 309 538 0 NA NA NA NA NA NA 452 740 0 NA NA NA NA NA NA 954 2525 389 NA NA NA NA NA NA 1377 2248 451 NA NA NA NA NA
1706738400.0 50203.0 NA 326 548 0 NA NA NA NA NA NA 465 728 0 NA NA NA NA NA NA 936 2337 370 NA NA NA NA NA NA 903 2407 417 NA NA NA NA NA
1706738400.0 50204.0 NA 304 526 0 NA NA NA NA NA NA 437 702 0 NA NA NA NA NA NA 962 2317 396 NA NA NA NA NA NA 907 3193 578 NA NA NA NA NA
1706738400.0 50205.0 NA 311 509 0 NA NA NA NA NA NA 437 696 0 NA NA NA NA NA NA 931 2311 379 NA NA NA NA NA NA 1026 2608 428 NA NA NA NA NA
1706738400.0 50206.0 NA 312 524 0 NA NA NA NA NA NA 431 701 0 NA NA NA NA NA NA 934 2379 385 NA NA NA NA NA NA 962 2321 430 NA NA NA NA NA
1706738400.0 50207.0 NA 318 514 0 NA NA NA NA NA NA 449 690 0 NA NA NA NA NA NA 864 2095 359 NA NA NA NA NA NA 878 2053 632 NA NA NA NA NA
1706738400.0 50208.0 NA 316 543 0 NA NA NA NA NA NA 442 748 0 NA NA NA NA NA NA 995 3027 391 NA NA NA NA NA NA 1152 2916 458 NA NA NA NA NA
1706738400.0 503.0 95 0 NA NA NA NA NA NA NA 154 0 NA NA NA NA NA NA NA 2175 129 NA NA NA NA NA NA NA 1216 171 NA NA NA NA NA NA NA
1706738400.0 504.0 100 0 NA NA NA NA NA NA NA 162 0 NA NA NA NA NA NA NA 213 128 NA NA NA NA NA NA NA 237 218 NA NA NA NA NA NA NA
1706738400.0 505.0 102 0 NA NA NA NA NA NA NA 161 0 NA NA NA NA NA NA NA 208 124 NA NA NA NA NA NA NA 224 159 NA NA NA NA NA NA NA
1706738400.0 506.0 99 0 NA NA NA NA NA NA NA 157 0 NA NA NA NA NA NA NA 215 135 NA NA NA NA NA NA NA 275 202 NA NA NA NA NA NA NA
1706738400.0 507.0 95 0 NA NA NA NA NA NA NA 154 0 NA NA NA NA NA NA NA 1093 128 NA NA NA NA NA NA NA 660 192 NA NA NA NA NA NA NA
1706738400.0 508.0 102 0 NA NA NA NA NA NA NA 163 0 NA NA NA NA NA NA NA 204 121 NA NA NA NA NA NA NA 227 168 NA NA NA NA NA NA NA
1706738400.0 509.0 94 0 NA NA NA NA NA NA NA 152 0 NA NA NA NA NA NA NA 202 135 NA NA NA NA NA NA NA 219 186 NA NA NA NA NA NA NA
1706738400.0 510.0 96 0 NA NA NA NA NA NA NA 157 0 NA NA NA NA NA NA NA 2165 123 NA NA NA NA NA NA NA 1219 142 NA NA NA NA NA NA NA
1706738400.0 511.0 91 0 NA NA NA NA NA NA NA 166 0 NA NA NA NA NA NA NA 6602 128 NA NA NA NA NA NA NA 7474 180 NA NA NA NA NA NA NA
1706738400.0 512.0 68 100 0 NA NA NA NA NA NA 111 164 0 NA NA NA NA NA NA 4740 291 123 NA NA NA NA NA NA 7608 297 147 NA NA NA NA NA NA
1706738400.0 513.0 70 103 0 NA NA NA NA NA NA 113 166 0 NA NA NA NA NA NA 1813 277 133 NA NA NA NA NA NA 5520 379 192 NA NA NA NA NA NA
1706738400.0 514.0 31 103 0 NA NA NA NA NA NA 111 175 0 NA NA NA NA NA NA 1005 222 122 NA NA NA NA NA NA 487 255 146 NA NA NA NA NA NA
1706738400.0 515.0 68 98 0 NA NA NA NA NA NA 113 159 0 NA NA NA NA NA NA 4664 213 130 NA NA NA NA NA NA 8812 373 207 NA NA NA NA NA NA
1706738400.0 516.0 31 103 0 NA NA NA NA NA NA 111 162 0 NA NA NA NA NA NA 5184 214 136 NA NA NA NA NA NA 16377 255 252 NA NA NA NA NA NA
1706738400.0 517.0 30 102 0 NA NA NA NA NA NA 110 174 0 NA NA NA NA NA NA 940 222 122 NA NA NA NA NA NA 421 253 140 NA NA NA NA NA NA
1706738400.0 518.0 31 98 0 NA NA NA NA NA NA 112 160 0 NA NA NA NA NA NA 4857 225 128 NA NA NA NA NA NA 17490 423 168 NA NA NA NA NA NA
1706738400.0 519.0 31 97 0 NA NA NA NA NA NA 112 162 0 NA NA NA NA NA NA 6266 229 126 NA NA NA NA NA NA 14164 330 151 NA NA NA NA NA NA
1706738400.0 520.0 30 102 0 NA NA NA NA NA NA 111 172 0 NA NA NA NA NA NA 939 223 121 NA NA NA NA NA NA 391 281 150 NA NA NA NA NA NA
1706738400.0 521.0 31 97 0 NA NA NA NA NA NA 112 157 0 NA NA NA NA NA NA 5094 181 131 NA NA NA NA NA NA 16370 221 160 NA NA NA NA NA NA
1706738400.0 522.0 66 98 0 NA NA NA NA NA NA 111 159 0 NA NA NA NA NA NA 1725 179 130 NA NA NA NA NA NA 1441 212 184 NA NA NA NA NA NA
1706738400.0 523.0 69 99 0 NA NA NA NA NA NA 111 157 0 NA NA NA NA NA NA 2210 196 123 NA NA NA NA NA NA 2948 367 150 NA NA NA NA NA NA
1706738400.0 524.0 68 97 0 NA NA NA NA NA NA 110 166 0 NA NA NA NA NA NA 947 183 128 NA NA NA NA NA NA 485 230 157 NA NA NA NA NA NA
1706738400.0 525.0 31 97 0 NA NA NA NA NA NA 113 158 0 NA NA NA NA NA NA 5085 179 125 NA NA NA NA NA NA 16369 219 156 NA NA NA NA NA NA
1706738400.0 526.0 31 97 0 NA NA NA NA NA NA 112 160 0 NA NA NA NA NA NA 4832 172 126 NA NA NA NA NA NA 17485 204 152 NA NA NA NA NA NA
1706738400.0 527.0 68 97 0 NA NA NA NA NA NA 110 166 0 NA NA NA NA NA NA 957 183 129 NA NA NA NA NA NA 518 201 212 NA NA NA NA NA NA
1706738400.0 528.0 31 94 0 NA NA NA NA NA NA 111 159 0 NA NA NA NA NA NA 5120 186 130 NA NA NA NA NA NA 16369 456 175 NA NA NA NA NA NA
1706738400.0 529.0 31 97 0 NA NA NA NA NA NA 111 158 0 NA NA NA NA NA NA 5513 180 126 NA NA NA NA NA NA 25333 276 156 NA NA NA NA NA NA
1706738400.0 530.0 68 98 0 NA NA NA NA NA NA 110 166 0 NA NA NA NA NA NA 952 184 122 NA NA NA NA NA NA 506 209 145 NA NA NA NA NA NA
1706738400.0 531.0 119 0 NA NA NA NA NA NA NA 268 0 NA NA NA NA NA NA NA 167 131 NA NA NA NA NA NA NA 212 185 NA NA NA NA NA NA NA
1706738400.0 534.0 241 0 NA NA NA NA NA NA NA 338 0 NA NA NA NA NA NA NA 1301 130 NA NA NA NA NA NA NA 1959 207 NA NA NA NA NA NA NA
1706738400.0 535.0 105 0 NA NA NA NA NA NA NA 179 0 NA NA NA NA NA NA NA 1287 128 NA NA NA NA NA NA NA 1374 164 NA NA NA NA NA NA NA
1706738400.0 536.0 105 0 NA NA NA NA NA NA NA 178 0 NA NA NA NA NA NA NA 282 130 NA NA NA NA NA NA NA 632 178 NA NA NA NA NA NA NA
1706738400.0 537.0 63 0 NA NA NA NA NA NA NA 178 0 NA NA NA NA NA NA NA 3508 126 NA NA NA NA NA NA NA 6562 147 NA NA NA NA NA NA NA
1706738400.0 538.0 107 0 NA NA NA NA NA NA NA 178 0 NA NA NA NA NA NA NA 5151 137 NA NA NA NA NA NA NA 9573 265 NA NA NA NA NA NA NA
1706738400.0 539.0 95 0 NA NA NA NA NA NA NA 169 0 NA NA NA NA NA NA NA 22857 127 NA NA NA NA NA NA NA 23933 160 NA NA NA NA NA NA NA
1706738400.0 541.0 97 0 NA NA NA NA NA NA NA 157 0 NA NA NA NA NA NA NA 182 118 NA NA NA NA NA NA NA 225 161 NA NA NA NA NA NA NA
1706738400.0 545.0 95 0 NA NA NA NA NA NA NA 154 0 NA NA NA NA NA NA NA 204 135 NA NA NA NA NA NA NA 259 207 NA NA NA NA NA NA NA
1706738400.0 546.0 101 106 NA NA NA NA NA NA NA 161 182 NA NA NA NA NA NA NA 214 221 NA NA NA NA NA NA NA 227 271 NA NA NA NA NA NA NA
1706738400.0 547.0 31 103 105 NA NA NA NA NA NA 112 164 186 NA NA NA NA NA NA 5756 246 235 NA NA NA NA NA NA 33940 261 739 NA NA NA NA NA NA
1706738400.0 548.0 68 102 106 NA NA NA NA NA NA 111 176 196 NA NA NA NA NA NA 961 258 223 NA NA NA NA NA NA 401 428 256 NA NA NA NA NA NA
1706738400.0 551.0 69 103 0 NA NA NA NA NA NA 110 166 0 NA NA NA NA NA NA 2161 286 130 NA NA NA NA NA NA 1513 240 170 NA NA NA NA NA NA
1706738400.0 552.0 68 103 0 NA NA NA NA NA NA 111 172 0 NA NA NA NA NA NA 946 218 123 NA NA NA NA NA NA 428 250 146 NA NA NA NA NA NA
1706738400.0 554.0 68 103 0 NA NA NA NA NA NA 110 174 0 NA NA NA NA NA NA 4011 220 129 NA NA NA NA NA NA 1298 215 180 NA NA NA NA NA NA
1706738400.0 555.0 69 102 0 NA NA NA NA NA NA 111 174 0 NA NA NA NA NA NA 3309 211 134 NA NA NA NA NA NA 3947 209 209 NA NA NA NA NA NA
1706738400.0 556.0 69 103 0 NA NA NA NA NA NA 111 174 0 NA NA NA NA NA NA 969 264 121 NA NA NA NA NA NA 391 286 141 NA NA NA NA NA NA
1706738400.0 560.0 100 0 NA NA NA NA NA NA NA 162 0 NA NA NA NA NA NA NA 218 130 NA NA NA NA NA NA NA 239 187 NA NA NA NA NA NA NA
1706738400.0 561.0 101 0 NA NA NA NA NA NA NA 161 0 NA NA NA NA NA NA NA 212 128 NA NA NA NA NA NA NA 229 163 NA NA NA NA NA NA NA
1706738400.0 562.0 31 100 0 NA NA NA NA NA NA 111 165 0 NA NA NA NA NA NA 902 216 122 NA NA NA NA NA NA 3864 301 152 NA NA NA NA NA NA
1706738400.0 570.0 89 0 NA NA NA NA NA NA NA 149 0 NA NA NA NA NA NA NA 279 128 NA NA NA NA NA NA NA 274 169 NA NA NA NA NA NA NA
1706738400.0 571.0 89 0 NA NA NA NA NA NA NA 150 0 NA NA NA NA NA NA NA 336 133 NA NA NA NA NA NA NA 662 232 NA NA NA NA NA NA NA
1706738400.0 572.0 90 0 NA NA NA NA NA NA NA 146 0 NA NA NA NA NA NA NA 246 119 NA NA NA NA NA NA NA 257 164 NA NA NA NA NA NA NA
1706738400.0 573.0 90 0 NA NA NA NA NA NA NA 150 0 NA NA NA NA NA NA NA 599 128 NA NA NA NA NA NA NA 671 167 NA NA NA NA NA NA NA
1706738400.0 574.0 93 0 NA NA NA NA NA NA NA 151 0 NA NA NA NA NA NA NA 693 125 NA NA NA NA NA NA NA 421 175 NA NA NA NA NA NA NA
1706738400.0 575.0 88 0 NA NA NA NA NA NA NA 150 0 NA NA NA NA NA NA NA 416 131 NA NA NA NA NA NA NA 553 206 NA NA NA NA NA NA NA
1706738400.0 576.0 91 0 NA NA NA NA NA NA NA 148 0 NA NA NA NA NA NA NA 223 135 NA NA NA NA NA NA NA 326 281 NA NA NA NA NA NA NA
1706738400.0 577.0 90 0 NA NA NA NA NA NA NA 146 0 NA NA NA NA NA NA NA 202 135 NA NA NA NA NA NA NA 233 276 NA NA NA NA NA NA NA
1706738400.0 6.0 NA 185 349 0 NA NA NA NA NA NA 269 494 0 NA NA NA NA NA NA 972 1532 320 NA NA NA NA NA NA 420 1484 391 NA NA NA NA NA
1706738400.0 7.0 130 168 193 117 0 NA NA NA NA 213 240 295 179 0 NA NA NA NA 495 211 411 213 179 NA NA NA NA 617 403 728 672 234 NA NA NA NA
1706738400.0 7.1 127 163 192 117 0 NA NA NA NA 209 236 304 183 0 NA NA NA NA 756 196 387 203 180 NA NA NA NA 939 595 438 349 307 NA NA NA NA
1706738400.0 7.2 130 249 287 123 0 NA NA NA NA 207 341 472 193 0 NA NA NA NA 501 773 518 226 233 NA NA NA NA 877 814 1032 472 321 NA NA NA NA
1706738400.0 7.21 129 252 287 123 0 NA NA NA NA 208 342 469 193 0 NA NA NA NA 498 793 520 223 230 NA NA NA NA 567 652 938 553 300 NA NA NA NA
1706738400.0 7.22 131 200 248 122 0 NA NA NA NA 211 283 373 190 0 NA NA NA NA 500 221 459 220 191 NA NA NA NA 790 430 638 475 402 NA NA NA NA
1706738400.0 7.23 138 209 283 106 0 NA NA NA NA 214 276 442 191 0 NA NA NA NA 877 220 485 196 240 NA NA NA NA 966 405 654 277 388 NA NA NA NA
1706738400.0 7.24 130 216 281 117 0 NA NA NA NA 210 297 447 184 0 NA NA NA NA 909 221 472 194 239 NA NA NA NA 925 347 548 343 292 NA NA NA NA
1706738400.0 7.3 127 229 280 124 0 NA NA NA NA 210 313 456 193 0 NA NA NA NA 789 507 504 211 228 NA NA NA NA 1167 989 781 310 275 NA NA NA NA
1706738400.0 7.4 129 210 297 122 0 NA NA NA NA 209 340 489 193 0 NA NA NA NA 497 1053 519 223 228 NA NA NA NA 643 632 611 462 301 NA NA NA NA
1706738400.0 7.5 145 373 183 NA NA NA NA NA NA 214 584 284 NA NA NA NA NA NA 1129 780 472 NA NA NA NA NA NA 999 555 417 NA NA NA NA NA NA
1706738400.0 8.0 NA 182 199 102 0 NA NA NA NA NA 275 300 162 0 NA NA NA NA NA 963 493 147 178 NA NA NA NA NA 482 467 262 205 NA NA NA NA
1706738400.0 8.1 125 275 303 101 0 NA NA NA NA 208 372 484 167 0 NA NA NA NA 465 1358 505 151 217 NA NA NA NA 482 568 541 243 245 NA NA NA NA
1706738400.0 8.2 138 240 283 97 0 NA NA NA NA 212 330 454 168 0 NA NA NA NA 844 314 550 179 227 NA NA NA NA 757 566 1083 666 260 NA NA NA NA
1706738400.0 9.0 NA 212 392 0 NA NA NA NA NA NA 304 548 0 NA NA NA NA NA NA 1361 3337 422 NA NA NA NA NA NA 1411 2536 589 NA NA NA NA NA
